# Superpotential Type
Custom
# Physical Box Size, Power, Coupling
16, 3,  0.3  0.3  0.3 0.03
# Nicolai Configuration Number
0
# Solution Configuration Number
0 / 8
# Sign of Determinant
1
# Norm of residue
1.17073e-15
# Configuration of a scalar field solution
   (-0.5560926050199515025,0.41509680676274457456)      (2.5304598981987496131,-2.118771691041202665)      (3.837327092795095318,-1.0022794545767843566)
     (-3.358619932627900706,1.7825598397674276008)     (-1.0484709472485194137,2.0156958290724644733)     (-5.6369945766229747619,3.3038972532575856533)
     (1.0403160458476379269,3.1277690920394700669)    (0.43102408982882933763,-3.9392839898746374594)      (2.8943584461769975569,4.2465122487399309392)
   (-4.3341392531261826448,0.28612304830165397052)    (0.96678987400128091334,0.71492983736726001265)     (1.765877115447284984,-0.25512913404335896272)
     (1.6364019375088185715,3.6455641009521095874)     (-4.6535018906272860306,3.3578937145048364243)      (-2.374095527748607104,5.6142104500954728152)
     (6.1735977902361103276,4.6345324682958795037)      (-3.4421869607706421235,5.027997215571730294)      (4.1040151074832449396,3.3492189560274456817)
    (3.7453901016503614585,-8.8839864039380564975)     (1.8735795975123192836,-2.8232533997352118327)     (-4.7683497451844187864,0.3247897609331951152)
    (4.5857248944762041276,-5.3406578092377126055)    (-0.1109498496454802835,0.49365407855781623381)   (-3.8783827092478948551,-0.55549963306549388076)
   (5.2953599564453481818,-0.88870333079835994727)      (1.510528062764989965,-2.8643566653382666054)      (-4.0588203686609078957,1.773805997102409604)
   (-0.80088118842332445269,1.0081594048678017561)       (1.810522417766972314,3.5683002494329976173)    (-0.31200511965675881143,0.2338360555492216275)
    (1.400719211350164084,-0.10267006558475315348)     (-1.7073469071923108586,2.5586150422320272924)    (-2.8887274912919478354,-1.5676458874281302691)
     (3.3464917858617204693,5.7777741013229393374)      (2.1389685125333208759,3.1186578267967051126)   (-0.79155357985091845396,-1.1129737998312156932)
   (-1.5376121006907843558,-1.5682205960878559114)     (-2.5436464621642804751,4.8845410896450154326)   (0.75320360929102181391,-0.18005709850770340585)
     (1.8802351763813278662,2.4241508351327976101)     (2.0605742737397032549,-2.4136378319230851197)     (2.0821468358306498558,-0.2216741538890744101)
   (-1.8189902193793938689,-5.5142358283425068066)    (-5.5767921769589872127,-3.7831227725383929084)   (-0.90537168376339960396,0.91690832755579931845)
     (2.6069199301411072334,-3.050762631210587994)   (-3.5122421630096920531,0.096181099732048511153)   (-0.09522820210160579113,-3.5353160713048308317)
     (3.5167867794973033391,2.3979226724935527315)    (-6.0225964512095169212,-5.2918604590650399899)     (-2.0790944503256008069,3.1677701470567103392)
    (1.0336300511610916342,0.31660755582425315069)      (6.9573895246888772803,3.4524618235063733174)      (-1.55610058689517472,-3.2973260665175465611)
   (-3.1179650945493362357,-4.8876526590436810693)     (4.0895311857121736665,-2.6827304625179331232)    (-0.88352481482345845976,5.5652845675536326553)
     (4.9906548951557834215,3.6529977057520639505)      (2.355608542744461964,-2.2995019579627600237)     (2.7307830586652537264,-3.1573965250993056841)
    (0.63951358195513119398,7.6609477513523689396)     (-3.2495584492771127927,3.1693435970125043433)   (0.43414541456820526788,-0.41657566667816853245)
  (-0.98835280632726407735,0.39823990869697861728)     (-2.2396157073724709541,3.9637901444305243537)      (-2.074781670062010086,1.2447864345791623819)
     (-1.28900063261470188,-1.5991923821101803327)    (0.41530543629521204929,-4.0002454789217187781)    (-1.576307543576507042,-0.96441018930883726235)
    (1.3415534964146591523,-3.8029691693339997549)      (7.2562871949438809693,2.6893883475433617569)   (-6.6087920329158063026,-0.54017000508585977236)
     (2.1587176695327814357,2.6950467723024074118)     (-3.0651962656653375383,7.9164118110328205447)     (-0.8934419210668317346,8.3855630236081495354)
     (-2.942722655485601635,2.9885757616223265209)      (3.8790666525506627416,8.7729284354123731049)    (-6.6794363288103850707,-1.1128329613454939206)
   (-4.9096102413131230691,-1.8769910772127147425)     (5.0780314701002966515,-1.4442083009509767422)     (-3.2943457959730206852,-2.450525746845288122)
    (-1.1332556143593937037,3.8949309715494639939)     (1.7288375476325650304,-4.0263631017479974972)     (6.8923458418782130863,-1.6955475141401614714)
   (0.30669100816441208224,-4.6275316734088640658)     (2.3976311996134551663,0.67613627745463189544)    (-1.8054562382114700547,-4.8829885303639191108)
      (4.126823390597999186,1.0983762742091427445)     (-10.651886640235893822,1.3887614666007352948)      (1.8748886063428915616,1.3365115976097003969)
     (5.2007642870871935159,5.1942583558256796294)     (5.0009504340090300545,-5.9607686035194689111)      (-1.3423388718194630975,3.122596217663385243)
    (2.6649000759040419872,-3.1508673911979863114)    (-6.4455063024616441325,-2.1612231893195863464)   (-3.0409540325981425646,-0.62589540469118609689)
   (-4.6578786590363350228,-3.4575537669392266693)   (-3.0166677067538030244,-0.69258242775028533433)     (-3.1238510299323398733,0.6462270581203973796)
   (-1.8507634276377631366,-2.1340380763042090528)     (1.0474085808833304423,0.71897636277850296427)    (0.78658408617120489925,-0.8609179295333669879)
     (2.0627592882488805515,6.8549569284776357136)   (-2.2878000249746270889,-0.81078186850326094959)      (2.0044007643496937199,1.5975815514730213884)
    (4.2505448042165845379,-4.1186966609804747108)    (-4.5864556926328905462,-4.5359348167538016128)     (-3.1309331465960399399,2.8763953510606596886)
    (-5.475399439159756021,-5.2247953957879493814)    (-5.3874331154918495557,-3.3481065006435524189)   (-0.39348245536344356177,-3.6046859541238580604)
     (4.8914658768205017125,1.9122403924804851627)     (-3.3987979760078248503,-2.891973354037046029)     (0.21739387180613006789,2.9613899589716714544)
   (4.5776218619946833499,-0.55797249118959357794)     (-4.3825798498706189932,1.7211030519325951627)     (-2.843968843552403758,-4.1541916622956751581)
    (-3.8964088160797802907,1.3379293567708248069)     (-1.9433103124910098281,8.0462952479411402607)      (6.3682496850628975693,3.2856409586120465249)
  (-0.79916489247684441288,0.34401057285709257805)     (0.19953967535531186295,4.8626237093834863146)     (-7.1487336219872519294,3.6894170890302873111)
    (4.5165224570878566013,-1.7718114139672089813)      (3.3181313513856274255,10.205634040163387155)      (3.5562180209178331225,2.2535162069810783514)
     (1.1178865553969008495,10.887820572314300449)      (4.1981428123625139648,7.3556597360152053966)     (-4.2010351894615958201,2.6215257361590293961)
     (-1.8806493439822853375,1.556620643145398164)     (0.60085312677834201711,2.3140605474898712224)     (-8.716347427290731531,-10.340416103085388499)
      (3.598369121304633822,1.9239919916542833622)      (1.8027399252375790883,1.6568320394751698821)       (1.270986275983722491,1.5145550528425981707)
    (2.1096167368689062727,-4.9901283449774025414)      (2.8309572034417080921,6.3562457703468524528)     (-7.765205923156399237,-3.0453713975767047195)
   (-0.76135628447998138224,1.7454185441809564328)     (3.7351251653176218426,0.21856148545794390481)     (-6.1699462949886543228,1.0900968227486922402)
     (2.5619662318642490995,4.2510842010364298105)        (-1.20127578199026952,1.794360776004750857)     (-4.0247757480942638608,1.1496020411360976521)
     (5.8361912802563082892,3.3220549536264201151)    (-3.8704109811066982338,0.49144190421049582795)     (3.7483362413161041005,-1.8337543758170327113)
     (1.2619115655912815921,6.2331822423872740302)      (-5.532932109327871828,-3.516576610192611696)      (2.3208696303600953037,4.6253926578335384789)
      (-5.032522432708161908,0.233564747650630955)     (-2.0660888112987652043,4.9657660277006678839)     (-5.4088552065855823869,-1.837672719299804136)
    (-1.4867051559161126306,5.8197305591070769282)    (0.75614033188704521393,0.99053146961025329009)      (1.3182007805733377825,1.4297398998502797163)
    (1.3658469569364821705,-3.3477104759382276811)     (-4.5099776248809648749,4.9268917052914060761)     (1.2769030374252365867,-1.3171611548090464971)
   (-2.1559168040494034457,0.34598079637789119767)      (1.5496567154135860722,3.6896346790464571441)    (-3.9905529349082109469,-2.6455245205045554435)
     (8.7394983034530842048,6.7387099564068755342)      (1.9565493533975892859,1.6896472268843212294)    (-1.8463139209970320653,-2.3089865838709204837)
  (-0.29549875296633520971,-4.4124866463254521776)    (-4.9180680733736439336,-1.4924158908457452188)    (-3.3048567901834782212,-6.7054231616823614104)
   (-7.8288539802829415493,-3.5112967176630327515)      (-4.609768411736946625,3.5045008667112118594)     (-1.0459618298157551397,1.9051101079530421423)
    (-4.7520027535864430845,3.5964534275256427875)   (0.89449926458829387421,-0.45209250586171706443)     (-4.4015026613098564567,4.6673770047281797346)
    (8.8272147585880009757,-5.3341310763152858243)      (4.9067553974150355245,5.4858485038374196208)    (-2.0477260037716034091,-5.6053056106730227981)
     (8.3994679398893765665,1.1330361555780377181)  (-0.015990763880142182946,0.64230375294872810166)     (-2.5899256149408058647,2.2359816576371844832)
    (9.3809597721198230147,-10.920421223332891003)      (-10.956008024709667836,1.735782289846044657)     (4.3768345009887790198,-7.2942221931539981128)
   (-0.1683451160352434639,-7.4750664060461895488)      (2.6965768638302574089,5.6243659110377741683)     (4.6426061060617236365,-2.6853090352035886568)
  (-0.43622458370233813119,-3.5925470416042792898)     (-10.613695436934893479,5.1277630024570353129)     (-3.7181616916764790304,0.1857887755093369786)
   (-3.0894805374316658408,0.90219631272999745164)    (-2.1355843460712757853,-4.9744131311248116489)     (2.3277911534951138961,0.53231218334509244894)
   (0.27434683569021084404,-5.0118285705942673403)     (-3.3048953067619879498,2.5044242274232102474)       (1.7228016244847568217,3.593690850823330063)
    (1.7932446176011138661,-3.2675228119140897753)    (-0.63520383203938957095,1.4815744235266961049)    (1.2943229817269543691,-0.12651143465667136212)
    (-1.7338344992755001517,3.2228820831809819047)    (-1.5947731573845598252,-1.7656296646084188584)     (-3.0309672110238103926,5.3414326724822576153)
    (-5.2120136453595780068,1.3480405433925068959)      (3.3179685975476425064,2.2026941354447253651)      (1.620646833284111521,-3.3756137279595934686)
    (-2.3148902385516421099,1.1869601865651504546)    (-1.9060241153861212648,-1.9872811183114551525)    (-1.5262898203932209196,-2.0800933236793914816)
    (-2.2813584433802192031,3.3063672695801789025)     (1.4115372272966186795,-6.0558294159011580859)     (6.4724662655347371398,-2.9981344205882018983)
    (-2.8669948731664538499,4.7321673257187821804)    (-0.17578689781565062789,4.5719043321047134754)    (2.4271458724557759545,-0.01982847902341384333)
    (-3.014214009722638643,-4.0024621178101034147)     (6.2919031120459267825,-1.5177511574607502887)     (8.5353442852400132068,-1.9934516223228495591)
  (-5.8774246397503810968,-0.66444663961868744018)     (9.2594880944486774865,-3.4607958597617547447)     (-6.9120143589200635503,3.5975201029646100004)
    (-2.2353856318720413121,10.095716523838929035)    (-9.9843274397635273232,0.62812323485822130209)    (-11.878336308136338673,-2.1980158245388263794)
    (-0.1311024492898744398,1.8977874486883108407)     (15.011066004420408504,-2.4371797001937456351)    (-6.3766654344307065472,-13.012258631230636752)
    (-1.9300576117111096774,7.9097063958405184891)     (10.160100023304748262,-2.1912763013428775416)    (-0.16561568086675024225,4.4913583768324203405)
    (-9.4230694250240034648,1.1443218434102173653)    (-6.2159952370283093614,0.70474102523604453818)     (8.4958188035404713645,-5.2139181038865247686)
   (-1.1732059407213815128,0.37684506688627783522)     (4.7430936129178782323,-7.7196477903558697875)      (4.2117582829421218449,2.9906905846697187101)
    (5.2657168673201937281,0.56600868244465663004)      (-8.5797362742247980094,3.031416417683521658)   (-12.836724474278280894,-0.29966259268596912024)
   (-2.7528484668075869912,-5.4007869761261328989)      (2.8581244744616047804,2.0576121124695325726)    (2.6676142000058842285,-0.88987477529365877071)
     (3.9906396823038203792,8.3931256303001742225)      (1.0132158495762022543,5.0357875471510258336)     (-7.3918434382555568973,10.274299104990996412)
     (9.504687332163817004,-5.2650656915008067216)     (-3.9328282629356468014,6.0338272755626682908)      (4.6255413707737282891,3.1446505198899199485)
    (-2.0357425838990788058,7.6844149843211493334)     (-5.6771414898736320964,0.4393039728031331026)     (-3.0846773423012492366,3.8414019319977987799)
    (-3.027710545814715104,-4.1670361886605604695)     (-1.8994604480770589383,5.6113644895575482963)      (5.4371366462722638957,1.9810041131729312358)
   (2.3069720586024256015,-0.26935146144783633781)     (0.29939768099830421644,5.1517732491654939508)    (0.024993136673699730549,1.4661265594550454416)
    (0.62689686623310370006,-1.592443212200438829)   (-0.52024313243316633315,-3.4633288800565003029)    (0.04487317499500195761,-2.6957903901818793813)
   (-3.3627789323107024622,-3.1657846487003178382)       (2.882594130321721515,1.1832030199749787869)     (4.5196709502757270727,-3.6569822011378692039)
    (0.94585919125677109243,6.8974334452792236405)   (-8.5020335586847615161,-0.74236960610307045627)    (-5.3067508219945755954,0.90119156419898982513)
    (-8.5834558536055993727,0.5312956996743758431)     (3.9803551255308313728,-11.139082360675073957)     (10.916391175279260395,-4.2171978977183650628)
   (0.62248613010102105125,-5.9512491963352136537)     (11.143377022097750384,-2.0492168103573935589)     (-6.5271753924637945232,3.2903906338489261607)
  (0.96921963849787651224,-0.25159042765816186371)     (5.1604477518081033338,-4.2740785761228998751)      (10.969602187034462659,9.9656140907718153699)
    (2.8627657791094636153,-9.1951719368511586339)     (-1.4355327862164233288,4.6061705628405960056)      (8.6667013581310055059,3.1272316804348454511)
    (-10.056234954652321534,11.589522054967677178)     (5.9175263815419958391,-8.5303719749372000081)       (1.491660617749335449,13.509074443127703447)
   (-10.707612595841389691,-11.373109994102348352)     (5.3055108092626834804,-6.4970535209471149685)      (-2.571211844009522185,1.8230235741037852382)
    (-5.2139993242601452295,3.5374666854977645514)      (10.956238371704198897,11.430976363966582454)      (1.1166478870310379001,11.718883370580153169)
  (0.32404456249054830463,-0.93499084750717742498)     (4.6609803936748983588,-7.5514075630561228181)       (5.6987829363939832561,1.056732756990952371)
     (3.9601134062094667243,14.061557465821518775)    (-2.7626504996131124869,-1.9093369573707632547)    (-4.1206955368972248976,-9.2602238477414910989)
      (1.0595975713169809573,1.052247033492679229)      (5.3018922873136906659,10.403969253956841357)      (2.6671285069992207717,1.3458015771259692617)
   (-7.033149949271955137,-0.16547018698468168862)      (3.0194592311080241664,1.8107764574320375228)      (-1.073477113557244067,-7.500491122864392679)
     (4.2486296098168310209,7.1724484654421383212)    (-3.4431009730523767232,-3.7757795204572666137)     (-2.4635947047365212015,1.3303265992356652081)
   (-1.6949273700029117151,-3.2572533320146210833)      (2.7925170225979769612,2.5029827154488644148)      (-7.018028251518837024,1.7766614869795605003)
     (5.6456696744446048797,3.5557095728420931025)     (7.2930502697698686987,0.44342699562586107564)    (2.0452474573053809337,0.074278167824763527416)
  (-0.41932559967139437784,-1.9010900738611862248)     (-8.5713806065661728439,2.0998021261760100309)     (-5.2735458227948424081,2.8039872809316772617)
    (-2.2248678024903951744,1.7254113160934747562) (-0.93488096041351598231,-0.038925186856325996732)      (7.2749643992940420389,5.2379236533407267373)
   (-2.8284352028942456592,0.19679313367854647798)    (-1.0738004461889456564,-2.7017042566250668578)  (-0.0085227564554714550782,1.7825305672586335692)
    (-6.3973052922239119766,3.7991013689105477269)   (-0.74849831970172864271,-15.121855443784264494)      (1.962464085228288857,0.72266771406609275896)
    (5.7520196475258149604,0.56961560747400052929)      (4.4270210472269360125,-1.236366684689979234)    (-3.2883168914543414729,-3.6871632412894763675)
     (-3.312831735947128653,18.408711295379266204)     (-6.2377783686546504072,-4.736413243566822473)   (0.77694910008331452556,-0.51640700972004305314)
     (3.3348614136660614804,10.310193966521731923)     (8.5502765317725923921,-3.6194380818677460709)     (20.047593759084080034,-8.7896529958907887448)
   (-15.245793907366707032,-11.935216685381703883)     (6.6082438294527277023,-32.543348209878345756)      (13.928038896175589656,3.7422373733223288639)
     (12.912213606337507699,19.423128854633560536)    (-4.3070700345596977243,-10.135489112704341608)     (-17.57250942208557376,0.90455615789246934799)
   (-3.3214415934461429813,-24.995854330498779916)    (-5.2244260727165663383,-7.9718399228499361442)       (11.19530019914979313,5.8848588768275646999)
   (-18.555324751506574898,0.75104692986553867051)      (6.7524956579140917867,2.2732044982295169788)      (-13.777643734396182396,19.78984677921173585)
   (-7.016718272143872781,-0.73308818883709570002)      (-3.483681939750875145,1.8350473485613834068)    (-2.6291656261827323071,-3.2492073063653954534)
    (0.79328067565260962368,-6.951370985810055636)    (-0.13804494715298584739,1.5787661260899350513)      (-3.0765983606914417692,5.930011376297296799)
      (5.808460538985531052,2.6754536076060286831)     (-1.1285458300864665837,0.2339138073184212907)     (3.6526673881518907372,0.20905190380293356411)
   (0.68730697397081663702,-8.2408202783772050992)     (6.9308890207959530372,-3.9167498483803466769)   (-2.5923101243005635119,-0.81711436107049262301)
     (8.4930364712487946832,3.2731548518208168908)    (-0.44523702245004825873,-4.586040548493591551)      (6.6193348991950893279,2.4329336990734105051)
  (-1.9632945186599579657,0.085160526544913003888)     (0.26208597827400859082,-7.628555135175079549)     (4.8196245202981575773,-2.9317817269183312767)
    (0.52726907409580969777,8.1995331024881181747)   (0.48189888369092159781,0.048131851742658729454)    (2.1786811702927626477,-0.14900157839427818907)
   (4.3455727237516521555,-0.74656586309174632898)     (11.571665856195057387,-1.2784872008527901066)      (0.4699828789002331586,-2.754001473927443655)
      (0.292915095724217589,4.4207479852092257389)    (8.3258202916209924638,-0.92228160125616631682)        (3.86928566722007794,5.2344246271581127417)
  (-9.7407596482186118436,0.035143118649488602756)     (-2.6233638853019458637,8.0347457839730669349)      (5.4049654865802212456,7.8092661366560021108)
(-0.058068930662947750021,-0.23712800427207214593)       (1.386528020811611972,3.6560303037957497807)     (-3.9013739723118847635,5.9998639470956591779)
     (4.1623687239898661261,6.9990925044849472414)    (-11.137110387791036459,0.34279868354947362619)    (-10.794846182929472178,-6.0367203105326590062)
     (16.64502421796655085,-4.2742440028773627247)      (-33.121477287804324874,4.428177944827328183)     (-25.328565750021141412,10.738365516176582304)
     (6.9055750926055239347,10.594387680837892063)      (9.9444123427368751322,10.803167592007286046)     (13.707275025975018679,-7.7116445849542838431)
   (-9.6690362366891697832,-39.049395656702806434)     (12.490954666778325333,-16.480194826139918263)     (21.640128945964139717,-5.3088934424296363446)
   (-64.061686128900191761,-8.9791910490404180933)    (-8.4811921666456377977,-27.428061973020575692)      (17.451773035535513401,5.0808464790932434951)
     (2.7218330710105282932,1.7066373631988729365)     (-16.941544691885670915,6.2797183664326707841)     (-5.9708462833830395766,22.368944412045486558)
    (9.5492166659635575598,-4.5740177334149301203)   (-11.600872035716880859,-0.93929002860378763007)      (5.2480512713593761021,3.0031858585475226242)
    (0.59954430147481929669,4.8362194613296907164)     (-7.9757146663574802758,4.9595546334777820263)     (4.6634744734079429662,-5.6611283871534929801)
    (4.8747276750037720205,-9.9510046065897501677)       (-3.2718421799900534452,10.3013263511789539)     (9.7055754323592431376,-3.2172144464983660761)
     (4.6893385439342969434,1.2749784838936359943)     (-10.704942815496607977,2.4534440220788078513)     (-6.2944831888070069681,-6.286309278851482496)
    (3.5723962555379924488,0.41186556452567490982)     (4.688647393959661791,-0.39777319928646842628)    (-1.4881311152254033114,-4.6174449316799917042)
   (-1.3448950346852417415,-0.5147986303864174884)    (-5.5888385516608725112,-1.9319294799127655349)    (-0.37630122070153015912,1.2402220944271407088)
  (-1.4287074856877657325,-0.33824634733114555818)     (0.68847655188434486728,4.0131750220740860513)      (5.201577097353368373,-2.1908607948801979148)
    (3.6607901292172622121,-2.2856956846058555932)    (-2.6958286381290226252,-4.3655138684718775011)     (-1.2357845546397954184,1.0044863524377176667)
   (0.15623069672910794292,-5.6464146611558483357)    (-1.8213674865624098764,-2.8432693546973077936)      (6.4158750488937492662,4.8806002041871829888)
     (2.3276627625895986995,8.2769794602197528377)     (8.6154386025275861982,-3.2243579556629273775)      (6.2854767915262019784,0.1311710300147156949)
   (-6.4358590372793429424,0.61361375375812010624)     (-8.0255992667468927237,6.2768940880598211862)     (3.7259874109778303719,-10.844027649233302313)
     (14.289313695184560515,25.096533378433736772)     (10.469672302676801934,-10.168053150416152874)     (-13.32561521793181214,-6.7593673712419795052)
   (-5.1881965552285462806,-7.0602103484821094881)     (-6.8027856896218485971,9.5064636864661213878)      (12.582573269106100966,12.254569724419097199)
    (27.064893063025060371,-11.422853993896115554)      (34.479284867659430347,25.668338550925824393)      (66.553827479693126179,8.6160182286665136786)
     (74.218951854523439238,58.328033500220463736)    (0.79571033032174154354,-139.63520879889404114)     (-39.385880498340831934,76.345485427249670352)
     (31.185566453205392889,4.0749061431979551884)      (25.187246345674680015,2.7079814967860675878)      (14.32637629481842545,-22.732679356862000475)
    (10.556543801334658639,-9.1475943193686308774)    (17.741890029639730386,-0.84173559353132620942)      (17.992259193078627533,10.628688820497728784)
     (7.6098824973631948865,3.5101604324941928503)     (-3.2357636368043403152,8.3136699236749151964)    (-0.82649813898419910441,5.0373308865288350944)
   (-3.3314406240753013932,-10.089813272162215796)     (-4.347759503539218251,-10.032371880430536848)     (-7.4760739755445939636,4.0870006887871834778)
     (1.1378150868717864519,9.0616689376799026689)     (4.5797403670723850766,-11.900177197201072588)   (-8.5230575180665315571,-0.79993866979510541704)
    (1.9915116577247953256,0.26508723710804904528)    (-0.52394303472802228328,3.5699039162072110365)      (2.6122952155599583612,7.8701525420555924484)
    (0.45737783274102078446,-2.105141634294301678)     (-1.2423525294733397395,3.2057484571785686001)      (6.7680338434681175386,3.1684210525368681211)
     (2.503847024544715083,-2.5646024800268598653)       (1.4454460971927622914,1.168755809177397742)   (-1.5345797478212928056,-0.75506169189632088568)
      (1.101937351482010552,2.9281533847220955202)     (-2.5373126416920612769,5.1937235627910052216)     (-3.0529064588922247836,4.7747589058928712191)
   (-3.0597285998074394975,-4.3232822157218127046)     (0.59997786788123808055,6.1706246960102850707)    (-4.5975337898923678281,-5.0279036061852471207)
     (-5.173486375531457071,3.3823903964843067271)     (4.4136791761232903042,-4.4659330701558923593)     (-3.3127848957543881703,4.6244687040458858363)
   (-3.1231546594323407184,-12.728296276365496098)      (4.1083173555834608948,11.141225112125235697)      (1.0679636675227153209,13.319150632045538174)
   (-6.2548001299475011194,-9.6896436694651537636)   (-2.9150596026540722683,-0.55424716486561598217)      (13.423399070194557581,7.2550645475503170445)
    (-9.1210977623433731054,6.9883074103960725054)     (-2.5826162640990721897,11.541808083369682336)      (-2.4430592339219483478,2.297006692798913452)
   (-16.117793536874540195,-18.894229221339511327)    (0.91153525503328169943,-1.5162511725871650192)     (-20.256601822760956111,7.0580949903794172329)
    (-13.152317748053333091,-6.903930264354329438)      (-18.054433056989747541,5.160033693548034428)     (-6.7989751458027205544,15.381182219183489934)
    (-4.4006434556655245061,29.896151650431225022)     (-10.469582318649452546,-34.40170729801225491)    (-30.006748221760766171,-1.1672791984999217885)
     (39.128929807185798495,7.8223114876714872068)      (51.535062285527800441,9.7076050501011010851)     (-11.946526231665247408,25.272004420136006786)
    (2.3901116939720425947,-5.6107451391732814372)    (-5.3345462060589943221,-5.5402026866056930388)    (0.50072618911266186803,-15.330890848058954745)
   (-25.815385753210389197,-11.962123351346845013)     (-8.6360310050486415179,10.737019123928082109)      (2.6796555507973334187,3.1923027885554415839)
   (-10.54460556153259887,-0.28845694141973543534)     (-7.544641126105509521,-4.0880247842377270828)    (-4.0082442002846079276,-3.9715585565486115627)
   (-2.4755453655545753833,-7.8407492410489005863)      (6.942120571729242684,-3.0419682337927400617)    (6.9504940205998195779,-0.60513284209024953419)
    (3.881165467817218051,-0.73352970037090081679)     (8.7137723025443758473,-2.1678736278085946054)    (8.5909465601533412382,-0.20322242414711663705)
    (-3.1791515646249712823,2.9051523918596746654)     (-3.9072640964309353073,2.5017865225106730165)    (-4.0402560050896116906,-5.8563497743513863725)
 (-0.32181185797027705986,-0.48101719847438639821)     (-3.0931918009222494348,6.1039361552897153373)      (9.0421197889796509628,1.9053803243279263668)
   (0.13321550819357733109,0.22391713252231967846)       (5.6317712945984315098,-4.17521483187948661)     (0.25680045559177649972,1.0240492149946782696)
     (5.0952074880921101041,2.3242709127199430164)       (4.9883597338156162593,5.186993940012992077)   (-1.4672765110301511093,-0.33115896237366532207)
   (0.01662208254183542358,-2.0373432023692994441)      (1.062527417975787758,-3.9644698062026444418)     (-2.5443192213043226424,-4.574609235438343191)
    (-8.5525954306576164043,3.8822153059034549827)    (-0.86914150568170112088,2.9950756084945062696)      (7.4093258756701239065,2.9191626928873253277)
   (-0.7790481464941290124,0.82144985296959172061)   (-0.63081437819937891121,-10.277464647717396318)     (0.12147550777594683102,6.2389111072077181319)
    (-2.5073631982853159528,6.1305985410259653534)     (-4.929921811650924468,-2.3448762494353099228)     (14.921942100421267341,-3.8544179586142255367)
    (10.604799314926527387,-9.5796875025158421124)     (-10.887765938217278006,1.8196470745401149838)    (0.95691525387858511476,-4.7036250396810315166)
   (-0.99480156175653144945,11.574684439439103301)      (34.520589705987113405,7.3136208206000485887)      (19.277810887928431782,21.760998670166053159)
   (-16.895161358870211643,-5.6735528865531028586)    (-2.4414415978310426425,-4.8433895026866329303)    (-3.3035142159840589215,-11.337181181096559257)
    (17.423841662731124558,-3.8585343400840823591)    (-9.0671313977393026562,-11.499649629918790694)      (2.9728458616049757701,19.699319137924199197)
   (-3.0602437454302005015,-14.260581587855723384)       (13.59031874755215874,17.066779882179073269)   (-0.14884521275660014816,-6.2287881139719329937)
   (-2.6839923438106021436,-3.5909490086601119074)     (9.1270987535604461982,-2.2258399216716164837)    (-4.1754276723030567808,-8.3006046923322074349)
     (2.0370020941045163809,1.7841569246669013449)      (4.316387619979866308,-3.0792129472341396301)     (-5.4306630112065539251,10.616877935155722312)
     (1.0476620737317658971,-5.031997609762126622)      (3.3593270237232824016,5.2686884965133966574)    (-6.4021653364103627837,-11.882704313738569724)
    (-1.1971480025604455122,4.8722537767744196202)      (1.2544459170716153462,1.5454722879571842764)    (0.032974518200372268661,3.5445565756134946866)
   (0.32648787965521264276,-5.9228682646045776039)      (3.456339096756821494,-4.6751580667180290263)    (-2.2729628534453003574,-6.4772759953529641663)
     (-2.9098362573048928148,1.146754464310460575)       (2.589986688347658994,2.0333041679369121546)      (-2.6773011084101980828,2.766566908373771394)
    (-3.1701731085484530226,1.6835866389448828073)    (-2.862141944071970201,-0.51387877977361717807)     (2.1952309774317391167,-4.9232971605696027595)
    (3.7929007278636484024,-2.0991107631848779924)    (-1.1957879833891464916,-4.6374629122435653272)     (9.1253830232301265113,-1.4265348386679841397)
   (-2.2372449706955666038,0.46241599658065890566)     (8.3440140307429988553,-3.3966379381521960568)      (5.3864875046410505277,1.7753377382605914914)
   (-4.2695602798132190614,-9.5701162706195113117)      (1.7882083272858535494,3.6964934565443616776)     (2.2561610595428507331,-2.6422913535012062525)
   (-12.830541392383921107,-5.2884478396618614937)     (-10.199234461004447638,7.2432151318236313031)    (-2.5389705599543668235,-4.9832589868162440183)
  (-1.0511048289140760836,-0.30257460007597769547)     (11.220098143081290942,-3.8414260585277926197)     (3.5246111947516007845,0.29534532159728221767)
    (-10.786170854605453329,5.1056897224735040552)      (12.250590159255974498,11.230483323818694075)    (-4.8931244641398441431,-9.6730872524557955927)
    (7.1490435006608334945,-8.7314398509648167845)     (-1.4964792158300486147,11.043998952005491532)      (5.6184246932263439689,5.2318966908986572761)
   (-5.7571050884090873012,-10.128638892569361118)      (11.718367409748998043,8.4299278019051886446)    (4.4456361720611061727,-0.64727713585189172729)
    (6.6252951244145990017,0.96283033511976046093)      (7.6272908203484526268,3.9206937250522666538)    (-6.3397459571480130336,-6.0020618199456956532)
    (-2.0240691771987204817,11.095796041907101781)     (-6.5241637369427785131,5.2403810786163091961)      (8.2045819173146909975,4.7362285673458703883)
    (-10.064971890646711827,1.5905665849210242069)     (1.2593405200277572042,-10.165695983476442876)     (15.187244281267664903,0.41781178677887292894)
     (-12.835362308724807434,3.688914974064409158)      (2.8257913212272258718,2.3950128298070607613)   (-0.29016776470761074247,0.25543240403006328698)
    (2.0344377214856739222,-2.2587968066007930723)    (-2.8591102415275315707,-2.5162403681801404076)      (-2.82196129799340234,0.64600583820684809311)
    (0.75525499148860342213,4.5626460028055166873)    (-9.9552055633184846073,-2.9062527016433623572)      (2.1767853338041178723,9.1833552518435741518)
     (1.1039091280023711761,1.7145407952268347795)    (7.4604357886684855572,-0.23529389444173412493)    (7.3151902772970123223,-0.98186735460940566256)
      (1.5385068432773787439,6.770302472816626782)      (4.8206741266207338015,-7.766813194639351714)     (1.6657798845767866069,-4.9023793166382283459)
    (-5.1728037002977771408,2.3528535996937214314)     (-3.8120067697991188993,1.3869005844514594727)      (1.6222955547373896223,3.1592901022065893457)
    (0.84753251646828575705,2.2912405053080933115)      (5.0864412229883955163,4.3355117293059848294)     (-4.8933614854250224724,-5.242775959727563162)
     (6.8487507512119503161,1.4974139956964707121)     (5.7719509503196899658,-5.5686546098806184446)    (-6.3131940349859752004,-5.5533883610121179686)
      (6.020921176868353264,5.0158030570597391673)    (-4.2303224519263054049,-7.3575356515445138328)     (-8.3655409263738711445,8.8589521537604944967)
     (3.2702775111307653688,3.5189374209902597457)     (1.2150072833580103371,-6.1288855124597274582)   (-2.4378729985305578332,-0.63983671712927236985)
    (-3.6242543690460813366,3.0916011235730556095)      (1.7447106138580350532,0.9916091244398669291)    (-4.3355483623722124165,-10.336797514913202534)
  (-0.92937921176134663526,-1.9044517446605944144)     (-12.284770316093890585,3.9609277730755438895)      (13.986523584554895194,2.3882231944430944992)
   (0.90724759853202041615,-1.4537575097002970459)    (-3.7183024719620596521,0.95331466880587789614)     (5.3169023860898141365,-11.970932113166197652)
    (-9.5532553970687033029,2.7691273148387409719)      (2.5499443368754071138,2.3964976764871259718)     (4.2278062295102358803,-7.7374904016751164804)
   (-2.6099590330946957906,-1.6618067326406085193)    (0.44380462576876156255,-5.2102756271928036824)    (-4.3338315817645822747,-0.5093664851212803546)
     (1.4335764701564130963,-2.762073038232305322)    (-17.056104725376940223,-3.2444917288111714271)    (-4.6371192743761646682,-1.5332099195652288959)
   (-10.256694115682611468,0.06114311002478885898)     (-5.7413001754655210718,1.3040280355841749049)      (-4.1861766266591624586,3.470037203231876255)
     (1.325120432054119668,-1.3277077845454310356)      (5.3478434321401575602,7.9362427193338636044)      (-3.6668110441867964866,6.614628437959134466)
     (1.7041869426674085553,4.6885012970602524263)   (-9.6585951797295859222,0.015652327269674415344)    (-4.2414314514806390477,-5.8605947873243975366)
      (2.401738993490001306,3.5132244171116182585)    (-1.8095220366457280825,-4.9605573692142304054)     (-2.1266994559971732492,3.8459320319993475223)
   (-1.1024818689865329979,0.82930497817773507485)    (-0.89380752332698087947,2.2288194738001476658)     (-5.0599357838631613404,2.3501280999454836618)
   (-3.2773380658331339177,-5.2744441031198592285)    (1.5704275311633997259,0.077188099843538970912)     (-3.5012803724063190636,-2.401867902929671672)
   (-0.09849782986010820196,3.2201992960087406637)      (1.6215902726247071186,1.9032913874014005806)    (-0.70120765211340574385,4.9859514679956982164)
     (-1.052113963261670726,1.2611643795648543875)     (2.0094717602451845906,-3.4853617157844030139)    (0.56799968912026688184,-1.8360600396428263803)
   (0.17207001225829637869,0.49904064644753687308)    (-3.2094772095807533319,-3.3108956345846105584)    (7.7321884440214807555,-0.62911976538181635377)
   (0.046929576628557290174,1.0359896494044469328)      (2.3424039270640122368,5.7154132149053413769)       (7.8898395872962190367,2.261242887520820144)
     (2.9048906244822223499,10.031704802638623519)      (5.4562745714997555879,1.2828026935774712314)     (2.1886471955756841012,-7.7246748013135517752)
     (7.8721858873888610475,4.6424723082069778712)     (3.992738614916576001,-0.43266936715767462251)        (2.496808349177183306,1.911354828262104899)
   (-3.7291502259154820642,-11.781936913008618006)     (-2.4904474984883724353,-9.640571937130928859)      (1.8054979871584120321,-5.420775235050744989)
    (-3.8730002215147258937,-1.135929262595944067)       (8.8186614503822102762,1.408090664000033021)    (-6.3998323955692733023,-7.5341153266925324772)
     (2.3941925175714042773,4.3150966118104694402)   (-0.65924211528701015528,0.36455688655512213936)      (7.2433811020540108672,5.9000836601675663573)
   (-0.87443208845256559236,3.0118245547276067953)    (-5.2042132301113834814,-4.7232549062656703498)         (3.64753653951440171,8.220072820600689667)
    (-7.0278604973626723762,7.3833245195805936589)     (-2.0572077480929578108,1.8026324361533090368)     (-1.9014331611809738298,2.7486400084217335049)
      (4.67553881415147643,-6.0199324965147900102)    (-6.6538453442410068206,-7.2482019768664960324)     (-9.6915706629766198432,3.3061501771908976544)
  (-0.50611367121596306795,-6.2951190344701499768)   (-0.54391632397811384703,-7.9889303589487274948)    (0.99702560465098144515,-7.7989831493036056997)
    (3.0266542949146750807,-4.2113891590474841209)      (1.4778596575148941206,3.7107001827955303774)    (0.98750956468570649793,0.15461087436107559534)
  (-3.1093404262825878881,-0.42352026340729359566)   (-0.49785592610901613364,-4.6425135097577570065)     (2.3828402634122456405,-2.2911308769295275489)
     (0.1722323243328737763,1.0937270412234250117)     (-0.31187588849367908761,4.769150365575910655)     (1.2083625927308994097,-5.5458124197818623458)
 (-0.30749394179900330082,-0.92521465189775353721) (-0.0036839732497090773092,0.48046285212892780869)     (1.657618795113761534,-0.33558177253892146341)
  (-0.52188826342693184213,0.46065660442632633265)    (-1.0130944528333654109,0.19356488509593058889)    (2.2839999441782903311,-0.24062525199275291987)
    (2.5014405374373609448,-2.5796980127131821092)    (-2.0255504502202121841,-2.4651917135172927154)      (2.1167554637965695363,1.9830280152632548951)
     (3.1217703877271829604,3.1806386661139645078)     (0.78647214417049393642,1.0183601951420946374)     (-1.6511698269618342305,4.9555719463218368404)
   (3.1539879434625350818,-0.53716497876013280521)    (0.87077954971828874786,-6.2805775875599714198)    (0.22133586336503366376,0.91972956316040321845)
   (-1.6083541747098168972,-4.3731018185361305584)     (2.8805512883315085304,-4.3017502376191778524)    (-0.45866651960686860567,5.1200417219368121735)
    (0.41766200492750338302,2.4782771835451784526)      (4.448503387571925316,-3.9071051824139355624)   (0.38825095362557987544,-0.94621879155186161547)
    (-2.7584972477937510504,4.8946469019574010417)     (2.6546560207126947972,-2.6383635363987312239)   (-0.086215798716668304302,3.7838459628530798362)
   (-1.3581245201435161452,-6.4419484467680661055)     (9.3081101251973095145,0.92462138775382540778)     (3.8826399802030611141,-5.7835550922177851874)
   (-0.35294965014199208841,1.4516675453744285473)    (4.1889139309668550482,-0.88773530370667863565)     (0.70439143790037406223,4.7934240878800595809)
    (2.1289626065338032035,-4.6367937178291072087)    (-1.4866702666853610637,-2.5609088592536637385)     (-4.8738176893322231464,2.4962154674856940062)
    (-1.7363262970743964519,1.5706940304732490699)     (-2.202941249532901935,-5.3459200132196711408)     (-10.146166756589321878,2.4040544821992444469)
    (5.8728607090219773212,-3.0119875437615801772)     (-4.3108950325673749404,1.8608674486247680502)    (-0.82689619422406401839,1.1211819492904020468)
    (-1.978927280096437924,-7.4319465711612417991)    (-3.7828349267568031067,-2.8973730038751748239)      (-3.741009661157777888,7.2845642317722827386)
    (-3.1817435095401003231,4.8134352579788677318)      (3.1131034360859728416,4.5747840691110450706)      (7.3029849768355887818,3.6678762508091775629)
    (4.9292595429231678139,-3.1294542226236239379)      (-2.8275306116441605297,1.178552792357824508)      (-4.0155129175728045965,2.817183178187589121)
   (0.31196442013677672112,-1.8242674093139985558)    (1.6216925214349622308,-0.12270375924702250914)     (-1.5967210017977726544,4.0363188316274296596)
     (-2.1771886919912448732,2.187637995136433311)   (-4.3251629512943567946,-0.18589496046378414795)     (-3.4034585530385497165,1.0159398199243485639)
    (2.9567182618291347751,-2.3696185626315209305)    (-3.7898307121788423757,-1.9022918476891912398)    (-4.0891807482664042084,-2.1002810215446463538)
    (-4.6889117473075403453,0.1062374971274109986)    (-2.2340866907167926669,-1.0871122136530102509)    (-1.1855485766610727172,0.44883164342584191964)
   (-2.6796465209045883249,0.35139048721959054156)    (1.9516639268009825514,-0.25952266745083452104)    (-0.13500570911105155836,2.4460956085842906482)
     (4.0358588755350162103,3.6178035164102126942)   (-0.43802828678083433056,0.85107261661907884776)    (-5.2821767677773836525,-1.0908698517330344124)
     (4.5285776088446700882,5.5343330405585202669)    (5.9291358654955139684,-0.51790350279454555604)    (-3.2265266245294963454,-5.3032938342752560246)
    (1.9967427060783962123,-10.588219930639496624)  (-0.084601344356827021254,-5.1389653660833802817)      (3.7459937349017309316,4.1892179592115947884)
    (1.8456016160150356953,-5.7563258261948213601)      (1.913979964205649198,-3.6805977152759701276)      (1.9893281520456660427,3.5487982126464627797)
   (0.43678524077867875164,0.81628640325289014701)      (1.1242649799186306137,1.9857148351092173133)     (6.0086213679555910971,0.45256889917087217423)
    (-2.3366280863467494555,-4.285618742773379175)    (-6.7606750441029968002,-4.0032514209688550011)      (1.8783626276764955332,3.9792152946016980941)
    (-2.3999260464244893676,4.4965133100764740348)    (-3.2287614250644889324,-5.1396499868482852236)      (4.4289873379124085062,2.2754463351702982621)
         (3.933829470044512,2.8787220058462170691)     (0.75155611893222795672,1.1377627566234291834)    (-8.9542409323961109635,-7.5842500396614598301)
    (4.1705209833976004674,-4.7633316449360707523)       (1.7637677488394727376,5.345172198424941179)      (2.6015365557535838903,2.2704620179662207136)
      (7.687301828032869544,5.8095337426773072664)     (-1.327336295664348631,-2.4292987823477316667)    (3.0401276415128597463,-0.91640829383684807574)
    (0.62990515620887133075,3.0662984801908490518)    (-3.6318719082431649703,-3.6754857191632765989)    (-3.2344161854505664166,0.62998141222429238084)
    (-3.8094875249358968183,3.5837181784167961851)    (-1.3076893583901898488,-1.3348226221681231962)    (-3.9676392531473005931,-1.0320455805059458587)
   (-1.0370626970206475725,0.58782558764869152768)    (-5.5419658017553539153,-2.2956583564627188743)    (-2.7631618514004969711,-3.0416184719883139209)
  (-0.26072590948494134278,0.87293359588747465594)     (-1.6259657188787346449,2.8597485960791706461)     (5.2962181264096406252,0.13378451900154278431)
     (2.6235852356021838183,-2.683146390090897615)    (0.88616983457794529233,-3.7595878712542645239)       (4.138922769792609202,1.3491004785466249594)
   (-4.7134058319406326731,-1.0420865693575060984)     (3.7484139550767845428,-6.1581510292058814215)       (1.179897406288469508,1.6553349341483973856)
     (-1.550174594569622144,5.5977244214614705342)     (3.0944548428629641279,-2.7594972938033177634)   (-0.62911595562984912178,0.43752740185242544602)
   (-0.79690408182573213569,0.1279652157094715581)     (3.1847484092464481975,-1.6916212809558113239)    (-1.9473742607026882645,-3.1150279453319353884)
   (-4.1831897338825605459,0.82500248370667950137)    (-2.6632981714335506318,0.47714817596521469367)    (-1.0477534486415442938,-5.9854901482926070599)
  (0.0087895501564320983184,1.7788627069281253146)   (0.55683347136660188426,-0.61292987980621949085)   (-0.31086377999230524471,-1.8294979480878086342)
    (4.3480441577634163508,-1.0218047127145701847)     (2.2739526897277246853,0.51946201620429943713)      (-1.9589104389653861915,2.592375655265841683)
   (-1.0649785477512245802,-1.9512526844772419832)     (0.28746120920997825232,2.8454928248944111324)    (-6.5527265845973445835,-2.7897381719518712373)
    (0.28212501779302318061,5.2275727156225286762)    (-2.3943318357434826282,-5.8193814633367031419)   (-0.81446850805799664297,0.93365496866597719183)
    (2.4316842275522003725,-3.9971033107315108168)     (2.1348758660538349474,-7.0343655991569375985)      (1.6772823610533622585,2.1788882134751874631)
     (2.8649825486501434568,1.5303750959227904183)    (4.5126537990098531949,0.061629799774231240617)     (6.0480601015977839552,-1.7159705998091709933)
(-0.070685398621888301252,-0.96678104444473922374)     (-0.88922201473590167797,1.885808386810103654)    (-3.5797249261005519294,0.14921216928519309697)
   (3.3756927299476036097,-0.38073473585390649188)     (6.4182586850599028239,-4.4244313614699928294)      (5.8237218310382203867,3.3001782030798652023)
  (-1.6652712749124061187,-0.31465099639107241281)   (-0.35653337786886446503,0.26333073887133418012)     (1.8460950741890542748,-3.6977786946065580587)
 (-0.78570391123572380643,-0.91541105771432607074)     (0.60888385598239613827,7.1869492698284913601)     (-2.4302150493666663245,1.7609432509876794537)
      (4.649673106162145686,3.5620813468221435016)    (-0.70919038068054529589,1.4640932386398362031)      (1.583120252838643216,-6.8542411749507321517)
   (-2.1551405685230093923,-1.6375501947937551872)     (-3.2781215327939792203,2.1698761321028241511)     (0.24030199640208593781,1.9663735547987495345)