# Superpotential Type
Custom
# Physical Box Size, Power, Coupling
10, 3,  0.3  0.3  0.3 0.03
# Nicolai Configuration Number
1
# Solution Configuration Number
2 / 8
# Sign of Determinant
1
# Norm of residue
3.33725e-15
# Configuration of a scalar field solution
      (-1.5918685381308290694,1.576929771908917699)       (-1.076973359994466195,1.5789065307877092614)    (0.082108023440655791836,-1.8455210426186070549)
     (2.7156100295321481397,-2.7805659865953744614)    (0.035913197860998981314,0.77663670615678237485)         (1.819165505226353563,1.510631016145459693)
     (2.3099338366456927396,-3.0619044039463956253)    (-3.1350245758265611329,-0.25536512318391657583)    (-1.9130797352301300851,-0.92647081767701655597)
   (-0.22954489191025370665,-1.8359687900712495789)     (-2.7204599404838383236,-1.0148714862999617115)     (-0.57606468452570902539,1.5501824059267523825)
      (1.7003145176176954756,3.5446741886022570256)      (-2.0508261981599509305,2.5859229925522799753)       (2.7760399962036781396,3.3846849618010814709)
   (0.13398049752165075432,-0.93172358973416435912)      (-1.5631025898615602543,2.4076150991739297957)    (0.73138170909552036036,-0.15132540818748541067)
    (-1.8822901728346954631,-2.1984993155595629055)    (-0.22386300617197771312,-2.4259375996526508779)       (1.0993312848508061119,-2.021588195234162999)
     (-1.7986996267838535335,-1.734488181657076078)     (-4.0623803136342049314,-2.8709942301638986528)      (-4.0927700470368089114,-1.871778542509515697)
(-0.88101681712357327037,-0.0018463453371723391981)     (2.2855632478741449987,-0.76442710444104711165)     (-0.69592854254982705609,2.7953903176124090812)
   (0.88380763005060725135,-0.42627820043725317412)     (0.71170403647258662083,-3.4152988325060831265)     (0.35606458459646539438,0.24721133495775643452)
     (1.2688185972182788319,-4.0877172410924309531)      (-1.5805003703799724857,2.0796707032162560225)     (0.57403606896420644734,-1.3806651076300540115)
    (0.49290347064788797571,0.41544660075385536624)      (1.1779419762506582181,-2.3244972742574940838)      (3.5120819037305781585,-1.7100140755490111921)
     (0.32559732931558987845,2.1168661763922664854)      (0.57356003766642904562,3.2179551427691306387)      (1.9854147511921629299,-2.8514688912571757307)
   (0.66816225513140647951,-0.12400643484135312478)     (-1.5237453584171740673,0.93717520614104132815)    (-1.3054223542071525799,-0.35666888675696989397)
    (-5.9125919147188952252,-1.3819831818529859646)      (0.92204386906880575481,1.4617394105976035945)      (2.2334650343091815294,0.21170787616485178817)
     (0.83960189259921425009,1.4449390728300908204)       (3.8810107678486538418,6.4239461054654141137)       (3.2490840806406207086,6.4758105858709154035)
      (-2.7200682272436988995,3.353704723814272981)      (-3.3850531351908794697,1.3204842293779373019)      (0.69982425135212067424,-1.159782469971213148)
    (0.49383198604559463973,-2.1145161874878661834)   (-0.091399552565041092267,0.72164279309895273951)     (-3.4582751711061958666,0.24863778279303422325)
      (-2.471577208736661202,3.0978882757943151383)      (-0.79376994624414265456,0.830249160998828728)     (0.062225853551549810405,1.4928589506083869143)
    (-3.1610118718532764781,-1.5592917166314050892)       (-1.990542718002383582,0.4731950123469863545)      (-0.6823432362527184214,4.3365771085914550653)
      (3.0456971984114762364,-1.589426689494905176)       (1.9695273490564242369,3.9903695284200999538)     (-0.25993156573250664199,2.2482473277906707132)
    (-1.0090285374357546022,-2.6324697539405930158)     (-0.63425865183871499298,2.5300379884371189121)     (-0.84664702416678072616,5.0126440250389814324)
     (-2.0439934171233695714,2.5081984295822690179)    (-0.44276856252106411294,-1.0033284220251266206)      (-0.77950589029956651732,1.825483151568072504)
    (2.7641478210980250374,-0.53958393331315235297)      (2.0975125406194048416,-1.6416317708131966668)     (-1.5416686906822472114,0.16418524881567986284)
     (-2.0116266354061611565,3.2115732557821572435)     (-1.4463917127357306391,-0.7046717311251352589)      (-1.1689113027975086556,1.6841263184324877233)
    (-2.0204013327136300937,-2.4345700485002215174)      (-2.2430665230346713557,-3.398983693255865024)     (-5.3841918636467704928,0.40439446349929047964)
     (-6.3190041513620460734,1.6408701730773767036)       (2.2780291777888783677,3.9206367883795660845)      (0.26208000413408760743,10.276633061037765415)
      (6.7911077680401925605,5.1783064789775110626)      (-4.6107915498592797476,5.6888392748346863215)    (-0.62501803360921848185,-6.0100157960322384554)
     (1.4011095287510209051,-1.3493613054316799804)       (1.9827381196708133704,-0.460968250714542227)       (7.6307716820040933925,-2.920043129166546958)
    (-7.5928625907299984732,-2.1452576985843543333)     (1.4997526556745481852,-0.18764862210350322091)      (-4.7907563504788939213,2.9723550510287739534)
     (-3.112704587494277142,0.54447052321510402972)       (4.1264004148313420117,1.6242316407007952872)      (-0.9186794065089441963,-2.910223411132914606)
       (2.375008573450274163,2.7105161068359500121)    (-0.081958039664573267835,-2.545644018428897315)      (1.322234762746251624,-0.36488016782451976328)
     (-1.7891060446178868037,1.2869208648228018799)     (-3.4811727944166168669,0.74862199873878410017)    (-1.2013767164444559832,-0.82248702836472420419)
    (0.86873455604685112519,0.40013098690833054372)     (0.97936742320441516618,0.28216455899288439557)       (-1.922089280792461885,2.6199639124504967569)
  (0.21229940722210274839,-0.054945213623506697354)      (1.3065819574282004911,-2.3008082887897676194)        (1.942885750443064552,2.1485048382326361605)
     (1.3213748807471841218,-4.6798699500364202564)     (6.2100860313486547781,-0.96787810065028179185)       (3.1922704011401470403,5.2580055797230471626)
    (-1.5674069959242513672,-2.2452749517358023823)       (1.2132219471557061929,2.7898094989907207264)       (3.1025827101604757097,2.9697960531773728299)
      (0.10152988409849368623,7.364326716545069651)     (-1.1139345868041539145,0.13441646753707681139)       (5.0603799199998702463,-3.342638588697901092)
     (-7.422202998821481934,-6.0536264155717951496)       (9.1347237515123111962,7.6826031719424543454)      (5.8143296622315565614,-3.4337995686476232571)
    (-4.5982740252333060837,-1.2786246803437248953)     (0.57172828080890181202,-10.210557631732820383)     (-2.4811923497691590335,-8.5528612388569360547)
    (-4.1725998709779803519,0.41994362724248490704)     (-1.7654649449407211481,-5.4898223728484234485)       (1.4068459990393682446,7.0504932932303221449)
     (3.6398657868713502062,-1.7621949329881068103)      (1.5908425938572177127,-7.5202633989330847086)       (5.823694152663838608,0.64480935709431907998)
    (0.95795778612088977599,0.36642829971370788344)       (2.9174583334117163425,2.0398055226655160688)  (-0.98663078675596060929,-0.028560508073881454849)
      (2.0751999150773059455,2.0984642227983427709)       (1.4398432048775571257,2.9626343569356881069)      (-1.7242666809170277276,2.1301003564578051552)
      (1.1027526745942966002,1.0851421330388011377)     (-3.2033450330561672459,0.68605126406494876257)       (2.0933516814422672425,1.3779404728652888679)
      (4.7352734502894655577,6.4316851359438818037)       (1.0882613167237842333,2.2151911489742035499)     (-0.84168567295846130616,4.6443851810360721188)
    (-3.3374715056101695865,-3.7067864343506169433)     (-0.75873385585002472986,3.9851979307021681009)    (-0.27992906134712930433,-2.3195372384647132691)
      (3.8412904128716576224,-7.455492548311890566)      (8.3805730690745736666,-3.2686265128010871805)      (-7.136435611271918944,-7.2719768887896574228)
   (-12.311676119794965345,-0.16431755313704488053)      (5.6282661210925954975,-2.6597275626360219469)      (-12.313561376248964407,7.7778259241652207834)
     (-9.5391971112708269231,1.1959310537868557134)       (16.937764159291880617,1.4513915920360447309)      (3.5213023878132032607,-15.240397071248782623)
  (-0.97971216684332140812,-0.83692956705601440071)      (-1.0043828177980436145,4.5302568707501587042)     (-13.488191597175440251,-15.004999863775303481)
     (6.5505210946140000061,0.22721620485960405955)     (-3.0101807174826800129,-3.5356797619447806191)       (1.5332372190458636307,1.7218389385047390139)
     (2.6326912665274333492,-5.4851323340862094824)      (-3.0702195835581940209,2.5192298181003303092)      (5.6274669150759741854,-2.0347626070157547318)
    (-2.8823160512561196711,-1.7582467052660046836)   (-0.80691119367247776673,-0.17735253538305431609)    (-0.87072065560432698739,0.39793576949969172718)
     (1.6209072866964822079,-1.1795420800453744192)       (0.86162855723985498635,1.108099798619203824)       (-2.402465198235879118,3.2927427798301018846)
     (2.6509878452764130685,-3.3434441908028973423)      (-6.6722581433475038892,4.4656656700356753831)       (1.4414797709171953688,1.5241704336453478774)
     (0.18388893515939522261,2.8051160324597685936)     (-2.0451074837146077101,0.82075679629912856594)     (0.04155135123056297175,-2.2851747659428998105)
   (-0.45017505097456983476,-1.2395248578590800648)      (5.1840524341300193711,0.69502023962356673792)      (2.7120140287426761638,-7.5761394035697620097)
   (0.048179082097668794737,-4.1472552977798917695)    (-2.0050268974595635285,-0.70835824376867884133)      (-1.383973225005547425,-3.7312451816003631144)
     (-9.0337920763443886329,12.442169343791450231)        (5.1398650449559912801,5.292945203554587863)       (8.3992530406917786934,16.034158139948722521)
     (-34.398205681801769629,42.627007645152595217)      (-65.024586172824029973,25.091706411941924415)      (-38.701907819038424918,74.188858519174004869)
        (10.671540010020653,-3.4856218895246944278)       (3.3438923229441339657,9.3165018782555968357)      (-13.201460885350661201,11.938683510572232649)
       (1.101070428120358935,4.2441793020092362099)      (-3.2132305374399554587,-6.231425853919127178)      (11.442901919028845015,-4.2950696880942951239)
      (-2.0772402222919943426,3.984879805536374775)      (1.4778078674631207612,-5.0684658482901125964)       (2.0661497541458992977,2.2994892063664540416)
     (1.9106635043265771667,0.25700403830941837002)        (6.837593497340563431,5.0672906347333732668)      (1.6989920977159043147,-7.0089952027010307134)
      (1.3046214444497856721,2.5047173005167131521)      (1.9430155721696504845,-2.0400494072947039648)      (0.61406147511136910389,1.0820038337702762021)
     (1.9147489668429840126,0.32424807032053226674)     (-2.9820311216592854109,0.33682110332601189473)      (3.1729235747652384525,-4.1612085045129187932)
    (-2.7946328388467933657,0.32603880613870050986)     (0.69564135063883592025,-2.4746197653839856478)      (1.8144738590126603395,-2.3442020126100384658)
    (0.89134968258379365658,-3.8062930706140751802)     (-1.0405428394466262887,-6.3205409300793915506)     (0.61229077163462874989,-3.7770734547056763475)
      (5.6474656086675167899,2.2409350573797199857)       (2.8769451847169835723,-12.34381016281546195)     (0.11826105157991613492,-1.6082669567907412755)
     (-5.7546945583309216943,1.1996341951098508094)      (9.6412818463106795264,-4.5858531768135399886)      (1.4842285014585272496,-3.5646220907405328227)
    (-2.1813934882233696477,-1.6134355057798834832)      (1.3816728267178235434,-8.3441352860635866762)       (7.5395179584940850148,-19.57347417479805074)
    (-13.932317483854404827,-10.811613955136289533)        (6.0503982201172652466,-15.2780526871574871)      (0.79906857878712389542,1.8462535114935492153)
     (-4.6132484681833991758,11.707179155751276767)       (4.2710597186173782092,2.5783472090090691076)     (-7.0282555853690977798,-9.3227397676255101544)
    (-2.2387165699312525646,-2.2246782448202493399)     (0.25696008623702987217,-4.8980902330873172801)     (-1.1183069234563915995,-1.1770761166560128608)
     (3.3914194913585129498,-2.3496391180606770455)      (1.5981008499250510813,0.66838785993760796433)      (3.0519566760935279426,0.38502866620850473289)
    (-1.3385831352752968204,-4.6218611929961372908)     (-0.47838899144460234059,1.5456469620906514439)      (-1.5185421897563513571,0.1137319919487111558)
    (-0.76615718403533961123,1.9454825295967621557)      (-1.8304639336473860212,2.4151507176320521353)       (1.5833556574764462432,1.7662920821624035206)
     (-1.1801390748747417891,1.4705065214303281174)      (-2.4285944131205812191,2.2225870224429429278)    (-0.79776452090178506804,-3.2866435339723927278)
     (-5.2108271500786820241,1.0531680985308979892)     (-4.0086066756118059473,-1.8554153353180993236)       (2.320452156895273621,-1.5703350579553529975)
      (-2.873308156304684946,4.1478631103429730587)     (-3.3371822246132967216,-2.7155631093594974068)     (-4.9238297170952955994,-2.7795861546135554043)
    (0.37381860284570284092,0.41118779033560326486)    (4.0429318513949619174,-0.040035767831608982947)      (-5.1786454334118490195,1.7791822576322608995)
      (-2.504994786144702168,2.3900584509838029845)       (2.9342446063589204819,1.2162675528102366851)      (2.6438562798778857399,-4.9927125308541207005)
    (0.66148770471942519578,-8.4887291874458288277)    (-0.37636816729595401476,0.53789412143486414752)      (-1.5985370279677582062,3.5720710728293156855)
    (-0.70062221163033833182,4.6413285383010709495)    (-2.7089609720944811677,-0.51438043530357646649)      (10.359393635770461017,-4.6437627402787384767)
     (2.1696357814188180768,0.34100488309985366175)     (0.34732436410972533647,-2.8573890228202074582)      (3.3294380951752127196,-2.4729888196865501548)
      (1.5569136843745374765,1.8759292249624566207)     (-2.3698187534212693528,-1.9884408781475753081)    (-0.4946556941278256736,-0.67590769585087984161)
      (1.7441729283562978914,1.4209997574674830823)    (-0.03130671563128185203,-3.7375073326271208707)     (2.9687908705411416577,-0.40014933022291604425)
   (0.80165868155929520533,-0.11857108143051148241)     (0.11688523323623246919,-2.5012527157792083798)      (-1.4818808270225221069,2.3079169774652381619)
    (-1.6004720796698881369,-1.6580873163017340044)      (-4.8337166212444531155,1.8459518427846526301)       (1.7110836948080139219,-1.406170393410630215)
   (-4.1992851074330568295,-0.59392570693051227604)     (-0.26703023219481081263,1.7330587068716256649)      (-1.0929717210885157019,3.4729645485042897057)
     (1.1514005323900533551,-2.4971942673079623454)       (1.2689990885047890412,1.7568673802587546628)       (2.5641194349643843253,-3.733628529716603861)
      (5.6572569402991979004,2.7509925278597502363)     (0.30307569120423322184,-2.4316841608756614157)    (-0.48047713207588393924,0.56279070543655740355)
   (-2.8561296114428755821,-0.82857828184640569535)     (-2.8414328583164025765,-2.2698026083134577036)       (2.5910009279406902571,3.1034685487440500928)
      (6.593400522388120244,0.90558727278510930958)      (-0.84920844556980046303,2.122806148756994471)       (4.4074962761237461706,5.5607461872637147238)
  (-0.043693842857386859524,-2.1633793439395998526)       (1.0348090050353098146,1.5221976252768283366)        (2.0790653971670960409,0.942753194195195654)
     (-3.7700790083572868205,2.7913364300842267163)     (-2.5468629292666813413,-1.1131071018818159413)     (-0.12545393130218854272,3.5139582900466952431)
    (-5.0061664923841329156,-1.5413541248452402588)      (1.3614913015394627394,-1.5793348410538523563)   (-0.14190148629197765762,-0.72509333136743192583)
   (-0.46134260327665083112,-2.0755535776783187174)   (-0.15760383849742656825,-0.41783766793932830552)      (0.45032363352088849995,2.6039308464411661248)
    (-2.9963182819575790994,-2.1976401164969043833)      (0.97661235232642873427,2.6867417535574911192)     (0.73872758553535156079,-3.1802252856465593744)
   (-0.81529347864932733003,-0.8224929913955356664)    (-1.1377003136664909366,0.084949779614276785256)      (1.2981055723921586242,-3.3689938012163356262)
     (2.9844886411550106686,-2.0588817010823201592)     (-0.51666428195406055579,2.0449573472982613964)       (1.8404273656961644967,3.6992458490584403386)
      (2.3031534229679770931,5.9113350977397010055)     (0.67297356232165872481,-1.3867873457491999289)     (-0.33441876657265606765,2.0847959272459886115)
      (1.8169411785803302184,2.7103803916708404387)      (0.27462685262700986533,4.2055925536094553863)    (-0.64775174193786455579,-4.4811373357326607092)
   (-0.96316057644873531718,-2.7934782921686527324)     (-2.4013030175526406396,-2.7700858071149965234)      (-6.3344760512161180088,1.4439923770049385432)
     (-2.2198513912052915131,2.9822362469703724841)    (-0.49711902208084790544,-5.2889753752736066161)   (-0.10253344941034883697,-0.92401298661262620815)
  (-0.088545651383565349146,0.42486076666394040346)    (-0.62059943325229238731,-3.0526667136947591707)  (-0.00093497864307639751754,5.3741219499936248027)
     (-2.0441380817491690003,2.8699992464743950826)    (-0.19403391022416671685,-3.7078156828604451611)     (-0.37622116432313118528,1.0092164659790123782)
   (-0.78467530285157438552,-1.3816289849147742608)      (0.52473901586526316976,3.7436061151547370685)      (1.7778000219573588669,-1.0424509504389154468)
    (0.78335180812592042354,0.10758093867955692557)    (0.30898446483079472502,-0.49270544122945847398)     (-1.7699638492838234427,-1.4044810680870187802)
     (2.3125359584512099609,-3.3516164049193610808)     (0.45607973363960629953,0.46137199009063795119)     (0.27673817203556944078,0.90690876960995858713)
     (-3.4235584856157625921,1.1893136543660378646)      (-2.0197659986880203142,2.2258494147621514792)       (1.2604317867748000559,1.2717534495713247455)
     (-1.5927815935733831143,1.4460970374440549335)   (-0.47961447915108923468,0.003250269740983613518)       (1.0808603645517063097,3.2237164690006308021)
   (-0.63075346932554599011,0.31546700319197146234)        (5.028221966320536751,1.8123789114913988474)    (-0.31348109577835014949,-2.8166214899651880188)
     (-5.7005822849460647816,1.4972285480772455912)      (-3.6959131796636581768,3.1460340778113673466)       (0.82709815909878747764,1.801605194118330644)
    (1.1020018606741786016,-0.46680382484615534633)      (1.1633361666917492183,0.47056273055059893995)      (-1.7671405680752303446,1.8521925552856846053)
      (2.8021597530104709328,2.4928880177964725107)      (-0.29233774069421036845,2.381104035699394661)      (3.2150635940991030282,-3.5742436385314428904)
     (0.50928443686165258963,3.9964122526468388585)      (1.3697822136336246235,-0.7226879000261521302)    (0.57680096403831571106,-0.94511707392005850359)
      (-1.344957271720006009,2.6622843024045086402)     (-2.6421344856287651837,0.52273579627875998987)     (-3.8611362775991868723,-1.4082099950211561801)
     (0.19389580969850792047,1.7979897157850230904)     (-2.017907171136119171,-0.41530353037328021637)     (-1.2368641521609042844,0.23336284380173036301)
    (3.1899068151024714268,-0.17876517818623316458)    (0.27578285639626148873,-0.23504171851415162076)      (0.90062395182701948659,1.7014104999500576643)