# Superpotential Type
Custom
# Physical Box Size, Power, Coupling
6, 3,  0.3  0.3  0.3 0.03
# Nicolai Configuration Number
0
# Solution Configuration Number
5 / 8
# Sign of Determinant
1
# Norm of residue
5.15731e-16
# Configuration of a scalar field solution
(0.015018671230122199872,-0.025538377200142674261)    (1.5245706416762729862,-0.40728357456133956749)  (0.0066778813295637097502,-0.3384874255540917809)
   (0.25558436963923192309,-2.1896223172713447092)   (0.86935920069367134122,-0.54700193827686149906)     (0.5437743863088674301,-0.3198204732379740789)
 (-0.88981661877311701847,-0.55893416509767179789)    (-2.6614344543583907665,-1.1400478699259910531)  (-0.32809446928046126501,-0.15380192927805649838)
     (2.8795533141500344598,1.0779791989798441776)   (0.39113875767743450096,-0.19939127493266142754)      (1.4738759389160625002,-2.907742673119866339)
   (0.64205909739980882023,-2.4042406176604078638)  (-0.12391018917469440175,-0.23783363470780025106)     (1.1679926335987442787,-1.6575775463656357012)
  (-0.16033605690938831922,-1.2320730026223807307)     (1.9328340815403577402,-1.8705020165033736657)     (-0.18089256696841285454,1.825297901827092506)
   (0.39119970083496979907,-0.4219248837749565717)   (0.25719025187733879356,-0.34711739927084511725)    (-1.0502283839685586653,-2.2072988520944174518)
    (2.6100097508262196655,0.37086376174359358959)    (0.010401848187831670353,1.3615127990998152629)     (0.27304875666333000561,1.8856273429020540267)
   (0.86329061233872783632,0.88853562490281978725)     (-2.7266050086554018961,0.2348687641003578408)     (0.4998608500817446898,-1.1408807909831106819)
  (-0.53951848203786167968,-1.2204091651714992217)    (0.92885736330021573259,-2.7737506382377752345)     (3.6086790335743099689,0.49942409781457086648)
   (-2.0377496376781438769,0.13790596895604328997)    (-2.0395978158844227934,-1.5823607043049445764)      (1.9452490343699737618,-1.391100330412394559)
   (0.28009733579808615556,-5.5724669834292068771)     (0.49357112744100778423,-0.520583484655883999)     (2.0837534186507720158,-1.0117262359644476621)
      (0.737402255719178501,1.1247211591366521599)  (-0.48960233329345553832,-0.32668857429985564966)    (-1.0482146112708705665,-1.2480203965391591936)
    (1.5823008423589461913,0.93016678317391998654)   (-0.65676616275532195832,0.86434235488962540828)    (0.53380877057676134889,0.75793474152838613556)
    (-1.0303244737494638983,1.5522796870938486702)     (-0.58797806896595339321,2.313981471345676777)    (0.11424307006369142925,-1.8751555388996667961)
   (3.0301509768095322706,-0.74452915754626569633)     (1.5268630606017112861,-2.2029220317849769195)       (3.041271424287200098,-1.343678271326518292)
   (-2.6425546804206407892,-1.1488642120558303361)     (-1.4541955645639677019,2.1587760847748427295)     (1.3286482588675372352,-3.6485002873738898721)
    (0.77724073076689259576,3.0683236105984050823)     (-2.7908691214107053113,2.3648879725184381861)   (-2.6091886094047072042,-0.44871984960247424112)
  (-0.50061779385550386756,0.12847007949650146585)     (-0.8710780978815872988,1.9495021529418357087)  (-0.44888438749600895195,-0.30057693088524545244)
     (2.9852047395286520626,3.6038501558315410023)    (0.88695593062828936848,0.39285767890302963901)   (-0.78974046397939701158,0.73795143489681103155)
 (0.22810756951969263229,-0.015228414485375834156)     (1.2978412451639724789,-1.4548774794893335471)   (0.50634838155259753734,-0.65188403099234371041)
  (0.76603917239591423627,-0.59020193295317135984)   (-0.50677749357569734645,0.69344152146011373006)    (2.8547857859956216053,-0.89455203568752805765)
     (2.286687801019400279,-2.2907529900256329292)     (-3.0754238684787531533,-1.075017021605171319)      (2.7561249165389143378,2.3528452946359061926)
   (-3.2541845218945608664,-3.3963850164918976127)      (6.5479862214604116488,1.4946613517555791262)    (0.69828242392925055082,0.10880349176123865762)
   (-4.6224636971137327279,-17.327606192472167379)     (-15.781104807235287524,-30.75068767828854277)     (6.4018838349319828751,-26.082503981737495735)
   (2.5875780949290483335,0.046553355403692806003)    (-3.2314709555272602692,0.71074029056239207414) (-0.34319988076934604404,-0.065215796678677800946)
     (2.0689736295525840148,2.1197846928770198716)       (0.90976150349879614243,3.35813802532899075)      (2.720065011191295401,-2.6015998004399452093)
  (0.65406812483217213749,-0.64731898610775584491)  (-1.4524806864461643485,-0.033400260555694852305)     (1.9457342064494560496,0.66484169348087318596)
   (0.53893268536828209392,0.41614791774433446125)     (-1.1924629548903062926,1.7122131014706547525)  (-0.30718034745581374034,-0.61442969518171786092)
      (2.0737164991153096416,2.522636121755759131)     (2.6043661128730537513,-2.6437706516905672416)  (0.041045464713185583761,-0.04590527333308540292)
   (4.6579487129996373085,-0.43666938615857492367)     (-3.5340775057507438639,4.1697434393731258595)   (-0.29649574964898628426,0.25988337063393451842)
   (-8.0343659782413716641,-2.7376619083906832408)    (2.7300130966886526629,-0.93101350907759694575)      (1.6408757785105085869,6.5899436721509214721)
  (-5.5451276363457697727,-0.31769119011354324256)      (3.3752129677139337538,-1.175956619766764133)    (-2.3108797695940546113,-2.3972221563106321796)
  (0.28784387432143754282,-0.88301406260465364895)     (-1.0366397557043451894,2.5557377789355988362)     (0.20917788375268975276,1.7785490024762511396)
    (0.69383779797263789302,1.9736234257540439252)    (-0.13558655179030779103,2.6195324002018707255)   (-0.44962417751582844927,0.25341037713652592167)
   (0.96361782633301862333,0.54103279919019020561)     (-1.1622740909122739605,2.2666896137807235334)    (0.42473524091442971251,0.33822027718795083517)
  (-0.5578378058659391181,-0.81059503846820579742)   (-1.2082358436761997389,-0.57666985912558377247)      (1.8201620146093639985,1.2430147726906273231)
   (-1.7706281133234875735,-3.6082962442961310501)      (2.3575095757343036418,-2.096667224432712473)    (0.87288382579074585976,0.83481951964263467758)
   (-1.2937111233104043873,0.76261025249404945647)     (0.8655808503333958237,0.94449437724885598744)    (-2.2583446403136528957,-1.9353920446705557001)
   (1.4156675695546641069,-0.46471355586687168593)     (1.1030823413879180528,-1.8190862944488568331)     (0.26436991669793724613,3.0643982434208822951)
   (-1.4222830740561254181,-1.6886895116374209813)      (2.3191040433852534441,1.7442003372568881669)    (-1.7587336849640540226,0.15031834212011782603)
    (-1.6463403670702883019,2.4329527746599217686)   (-0.22448474740180818232,-1.1703888529170611843)    (-1.3287781452765385914,-0.1067809184334461009)
  (0.046604981063834767518,-1.8669246803804397938)     (1.7265115775198325299,-1.4135023992036990226)    (0.11759542683545093356,0.85831896679908215031)
 (-0.49702064474517648751,-0.91155327071913361259)     (1.6222181999049642975,0.32344355886939579747)   (-0.75721565824974801373,0.65189962948558222156)
     (0.80123960071867550425,1.175142547571767615)     (1.1700060424340232856,-1.7045878704457160246)      (0.4264466313687324539,1.9817778096192248949)
   (-1.1805327454265293063,0.10271487390042069454)     (0.41388694348964250036,-1.184116884073922682)   (-1.5452882515046344469,-0.90974570618330619087)
     (1.4215700785988654165,2.0417308610311484252) (-0.047104479504505976373,-0.89322909474733325208)     (-1.597766330602170104,0.60692146996179285878)
    (-1.0637561242251925009,1.6595011921414188905)      (1.1397554297293139847,1.2379201319194892417)    (-1.9214407970594813424,0.46201048137469963306)
   (-0.70641185323330391022,2.2029826461673329696)   (-1.5523095392960541972,-0.16466617277852399481)  (-0.55089969433087004891,-0.57617300984008879006)