# Superpotential Type
Custom
# Physical Box Size, Power, Coupling
10, 3,  0.3  0.3  0.3 0.03
# Nicolai Configuration Number
1
# Solution Configuration Number
3 / 8
# Sign of Determinant
1
# Norm of residue
8.17323e-16
# Configuration of a scalar field solution
    (-2.1197876150300074549,1.5307759483125413791)     (-1.1169869875703761775,1.5757389761212143853)   (-0.29577785915457088795,-1.5411016638827510494)
    (2.5431368756747660953,-2.4266157575800568758)   (0.057636243321200521239,0.80277044454000834328)      (2.2675184880970054024,1.3697677296300825311)
    (2.5012147109221047891,-2.3972465938748839243)    (-3.0739974467041504269,-0.2355089735381429572)   (-0.82866524150470388665,-1.2924674786890835154)
(-0.090772129536181217491,-0.92918705172105664492)   (-2.7283305746827459792,-0.95678069548279798262)    (-0.92445995170197470259,1.2196956810599344223)
     (1.4270238229151110954,4.3320754319591525672)     (-2.1324006481203823249,2.6201989695542113878)      (1.6666814688035425096,2.5898348937291881811)
  (-0.10644862027728402287,-0.7228019027916852135)     (-1.5726861275445698229,2.4065122879701976721)      (1.777363333473459539,0.29517556085424928591)
  (-0.83038039522369189172,-2.9661915428980405451)    (-0.1303560775495719859,-2.4350374772652254585)     (0.8572837243770053961,-1.3362562748643758148)
   (-1.4699005462557090951,-1.6939346883344263972)    (-4.0718223826681239075,-2.8946820684739980045)     (-4.4696233087066348233,-2.338368554033217972)
  (-0.41238936396594216838,-0.2698965548056087016)     (2.3652287185572591355,-0.7823252245065525079)   (-0.051791019551219577566,3.2443030108858388338)
   (1.1436102685423787939,-0.85348490673653776284)    (0.74456331691322807931,-3.4202062758668860809)    (0.57864667851833484491,0.53266594194825611641)
   (0.77720860750396225658,-3.6823898408961173168)     (-1.6213346108913606614,2.1064550930396301887)    (0.82140141574201586128,-1.0512250650619674452)
    (0.3118492804494852888,0.37541402441836613235)     (1.1773091909420261292,-2.3318983261987629163)     (3.9200628184480348359,-1.9819567611177506539)
     (0.2691146808134860513,1.8981287543339018242)     (0.56572025450051244277,3.1963651532418912993)     (1.3964248738671509731,-2.9564371940665701288)
    (1.1953999569478013232,0.54993251480055282965)    (-1.5110087893211416876,0.97179945403735756848)   (-0.95956587140525584356,0.34810889760372687451)
  (-5.3822221697418894948,-0.98375858641054669818)      (0.9455349062325599796,1.5054993677998849133)       (1.9876802166821092577,1.882956414184770999)
      (1.940984944199495299,1.6281253511414266466)      (3.9506586579364002532,6.4115594699995224204)       (3.315596827144441594,4.7018513744925982678)
    (-2.9939618688766933552,2.5521980783176547725)     (-3.3160169098974283663,1.2165450688424337411)     (3.0155547512920009012,-2.2607043210480441964)
   (0.81633960310510067515,-1.2257897935684964885)  (-0.081262145035657415426,0.76929166353169498027)    (-4.2709333165730827275,-1.1160197264413578289)
    (-1.2335226703578658913,4.0550860259856529311)   (-0.67536834907843934506,0.93321252284468902971)      (1.3454083009557060713,1.8694494568347879149)
  (-3.6132915298063963405,-0.67430360814593159891)    (-2.0084556969444995467,0.55124702155361215983)     (-0.29789265948887722057,5.246451885031221174)
    (2.7618972425625551992,-1.8375889394700231083)      (1.9176209373476977849,3.9865541757138514001)     (-1.4591117232719508223,2.2666122116039262302)
   (-1.4199987997504792681,-3.1609963859188749957)     (-0.68220523444254033141,2.489174887788188073)     (-1.5825865236815173098,4.8527293854889093083)
    (-1.7622424645589798153,2.1121707655874710774)    (-0.42742601983359479467,-1.012550798041657929)     (-1.1157069044599545737,2.2568442531974870491)
   (3.8816145410993816434,-0.66362668336839525374)     (2.1872214304500605664,-1.6389752735123359617)  (-1.1446974487646737195,-0.061931337216599491313)
   (-0.86235938027783864968,3.9787910491849065586)    (-1.3972712449203306129,-0.5398331048456767034)     (-1.5002640214249403083,2.2447770784455425286)
   (-1.8996706179254860825,-2.7121093945151630855)    (-2.2564391698569874478,-3.4437107259264130299)       (-5.83731118738361765,1.7970745907183625079)
    (-7.8881847899002011104,2.7508373323955725986)       (2.123835895356864345,4.1196633022441471184)     (-1.0803410126654835466,12.244768031046236345)
     (6.2045598586459016488,3.9449477776953232322)     (-4.6080358679421262735,5.6623403731025563346)   (0.022078666185728856169,-2.3124159132430341934)
    (1.2346081441370220233,0.69941537028499123352)    (1.9661482664342913029,-0.26084538405689988716)     (6.8336621314289436313,-2.5225774064393839957)
   (-7.8646892350491803825,-1.5548142045270476608)    (1.3966074876342209343,-0.14001492024864328756)     (-6.0836815059827715757,2.6069324699045774985)
   (-3.064197401128563758,-0.59582920167947583945)      (4.1719046396242145391,1.5642575541091821023)    (0.45930365645537740704,-2.1499256856438155872)
     (1.9361924965182184533,2.1521195594134070461)   (-0.11403873548430415452,-2.5283108101505882281)    (0.98042147331665596699,0.26204551190592895171)
    (-1.7801762133504155372,1.3472009825270734318)    (-3.4838148737205942851,0.73912092636959059178)   (-0.41674185420986498141,-1.2824645441341597785)
   (0.53827219430756945151,0.31813449087231915335)    (0.91726781208953478419,0.25476093047218995036)      (-2.404246350669347887,1.7135898529224682374)
  (-0.16963485072347200822,0.27599251433389476729)      (1.298300135868256433,-2.2703150468383257454)      (2.1250707432166295874,2.2266662086652737607)
   (0.55045603981896329415,-4.5912888818756121267)     (6.061318579204733048,-0.99615775870871925424)      (1.2282289015550371669,3.7630042919025199488)
   (-1.2375697745855225307,-0.8550101334227869776)       (1.0972299627500068375,2.784476915963505661)   (-1.2983199178854549771,-0.60363154412746777844)
    (-1.6839972261683366916,3.7135773295282565876)  (-1.0744325911285401709,-0.079245794680479333949)     (3.8093320016059379896,-1.2921258077315949109)
   (-4.3049228547737650175,-4.6086665886740281195)      (9.0226620468083336135,7.8757529515383417618)    (0.79199801638728484221,-5.3221559112657592649)
  (-3.2213335414786468114,-0.91792895292058918066)    (0.64029425464513212152,-10.402766923758145268)     (1.5527498731567555001,-9.5826841515532077409)
   (-2.059293633821363656,-0.61512152581198220602)    (-1.7202803376595159346,-5.6884115472973455496)     (0.84379850481079421431,2.9204361946733632394)
      (3.709081746606780694,-3.206119946455126879)     (1.6240226968590625312,-7.5654402381030996239)      (4.7215986400444025506,1.9769302904369228102)
   (1.1931733297636224478,-0.25840156862899155144)      (2.9683656624431233872,2.0365604221900768245)   (-1.8744612040603578773,-0.31288570538010912481)
     (2.2879040568997641714,1.7986759657291417902)      (1.4803662124979137804,2.9348717152942778164)    (-0.70225146702922769393,2.3075464355958161811)
    (1.9671664449111176953,0.29461392710111145021)    (-3.1167019185637148126,0.64691603114683415843)      (2.4434266973373852672,1.8115361139449046579)
     (4.2581805440107105554,5.3071175809755155584)      (1.0803928769105597407,2.1266896231742546952)     (-1.9292079318264927501,3.6214205959399916601)
   (-2.7487859101566058939,-3.4303115502892396194)    (-0.66060996563740248533,4.1011161131813453906)     (2.0574913638549956474,-2.9136538776319484967)
   (4.3329184828929365736,0.061848217528346190186)     (8.5276511414622397922,-3.2506259254287512839)      (2.874956495160435832,-8.0137014990270927228)
     (1.0876632831166577198,-5.787435689863530186)     (6.4451097834836055256,-3.0093305007728092804)     (-9.7945810592766591185,3.1375021772578763901)
   (-5.9994581429195754652,-3.6781797771201372171)      (16.270449497894066582,1.4938198516948613115)    (-13.955586910650399801,-17.108778028130064541)
  (-0.53316994231717551589,-3.4482420073424635554)     (-1.2418058952862849331,4.4619128733438246925)    (-12.500262742310525255,-7.6801281433226495921)
     (7.1903553355046732065,2.2850958940108268003)    (-2.9376092008578846837,-3.3675266345642524968)     (-0.34533585609548167472,1.310241145660520079)
      (1.309752208689408226,-4.408529362331735868)     (-3.2687159509932390833,2.6100880876739118719)     (3.3162166160834556372,-1.2580416056898378052)
   (-3.4509028263312755413,-2.5477853315649663379)  (-0.86003525301035199657,-0.19090760708341147911)      (-1.1005514325993954738,1.547622415651989769)
    (1.8628861844100244038,-1.0591009371009927342)     (0.82678113503760441994,1.1626677921344228395)     (-3.2499938044308671614,4.4420936038732747875)
    (2.0411242742959676555,-3.2186778869888663657)     (-6.7665540020603343052,4.4504553971586897632)      (1.3019604288782764545,1.0951028604128709709)
    (-0.53555350865034456742,2.192651719674612032)    (-2.0196083163276985495,0.70484561686165414507)      (2.7194386797194733951,-3.867742959542468828)
  (-1.3776388228407807635,0.043062803913852580606)     (5.0911202616586477276,0.81463600969535043816)   (-0.49674512446452906422,-7.0385014746286866938)
   (-1.0264535896210709165,-2.4172979189759562502)    (-2.4375386659144662183,-1.0988024301460037613)    (-3.4893802291459752318,-8.0224872601731558319)
  (-9.3847122224987842287,-0.94680096630122656531)      (5.0619912509920554911,5.6663900663134851854)     (-6.0275309460982047227,21.740196744416206087)
    (45.554906523997303225,-43.063660705855397737)     (-64.507971669972008044,24.765022620105391127)     (41.430198715362877238,-79.628231328421222202)
    (9.2271971537381531903,-14.194918497608167485)      (4.0534376442345596558,8.0444715773226196376)      (13.624272085654812514,5.4882818245131721469)
   (-0.53551695021982259615,4.0700716445185598502)     (-3.2199948194500884746,-6.178283103102951479)    (5.7311371639297910008,-0.68276609547412625556)
     (-2.316185622716863346,4.1918592718868374902)      (1.377973259922040894,-4.8958495088654867544)    (-0.11511616216295322834,4.9520076969702664371)
   (1.9738394735799267288,-0.19566105804717989769)      (6.8442468563345970622,5.0688585344398378041)    (0.95181651907644782007,-6.1854479630820815572)
     (1.2876524240852229575,3.1564888001501461012)     (1.9451563937228528722,-1.9618089903024702458)    (0.81601876327280475909,0.82513915173251428659)
  (2.0345910381083580631,-0.092490507792606993509)    (-2.9644786607715625237,0.35299353579087194843)     (2.2648919700918841436,-2.8757189284371218463)
    (-1.6228086892603867941,1.0948284332900497517)    (0.75124347081754538902,-2.3717680294219602999)     (1.5865187579965216447,-2.1190320282610088931)
    (1.9913132174070713454,-4.8902134628861304577)    (-1.0453556125881910965,-6.4518335282834415878)    (0.52975932182365026435,-5.8327260399177349726)
   (4.2640463634492418166,-0.56319208283725052944)     (2.7981774450544336652,-12.598717779347142098)    (1.6571426424205080163,0.045081814330389387291)
   (-3.4727098341317734764,0.42480628565737088564)     (10.221202341027337823,-4.1043628157029754533)      (12.557851276216666747,11.681500264902268782)
    (-6.5142750903067980772,3.3967711582399733317)       (1.570432416015306698,-7.570730194581861916)      (7.3065536763716840696,5.4231597960619790655)
   (-18.659006575543440221,-9.2352720072929646022)     (4.8906190811370384708,-15.403919023542780309)    (-8.0831299384645998174,-8.6989104275522208809)
    (-4.4057433556941942854,13.489819252908816338)      (4.1432955019903392468,2.9093519584110358878)    (-10.897760915812426674,-6.0039129637891903712)
  (-3.6451474378207757709,-0.82364023331119617932)   (0.033980502244127241962,-4.8554035526359404784)    (-2.7708044576317378827,-1.4785542780910665428)
    (5.2032609020735431926,-3.0840118948944019728)     (1.7947950489667188201,0.57380602962922777621)     (3.6372482578630833672,-1.5330926680113456939)
  (-0.80775371750421598449,-4.5916617178208980476)    (-0.42385760835423119675,1.5599398010019291938)   (-0.93766748804104937953,0.52838818831892864214)
    (-1.3415413216031573107,1.6482314513685811797)     (-1.8906815281824667085,2.4078871191749398051)     (0.93389782034829682544,1.9191538932156313457)
    (-1.2675019298768894771,1.0496234482416948453)     (-2.3958126724459245516,2.2034914002223415785)    (-1.2261584581529234583,-2.8239547441768975133)
   (-4.399997766068207028,-0.41011417735816402264)    (-3.9781665168435718094,-1.9566979105670716521)    (0.75427732183605877836,-3.6517842163160816327)
    (-2.5648197164059660658,4.6593720555064246369)    (-3.3754250866934998321,-2.6107519497024345156)    (-5.5881323439253831609,-4.8514717586424467299)
   (0.037451823258248806425,2.7383300513748589644)      (4.3018050995916317092,0.1947117239236816344)    (-0.38623074342564517325,4.5277750623770636196)
    (-3.1060924539183036863,6.5321213503197750327)      (2.9616364777504977646,1.5695394286971680042)     (5.4316526747500635253,-5.4690726988229734218)
   (-1.4865500165947540534,-10.169818335715731905)   (-0.38927650931318602545,0.36595553139843378654)      (2.2919985914151745909,6.0336630912336746135)
   (-0.93225188320820240317,5.4988928210748664327)   (-2.6551233878379547626,-0.46758067422486693232)     (9.9762779113025512601,-4.9698714625552122826)
     (2.2910636885647726046,2.2722633462498658119)    (0.41075122459395124741,-2.7571639316542340126)       (4.828461137179726137,-3.166827642759481698)
     (1.3922192998336928582,1.9073325354969712375)    (-2.3089107661251997428,-2.0186158326296332888)   (0.51985685697853023512,-0.47515097763868752168)
     (2.2078925466317502746,1.2853210509687305052)   (-0.011336772017187487713,-3.776120447931112345)     (2.8713448181513832047,-1.1292013693866773671)
   (0.57146294124177288154,0.18875455715317801531)    (0.13298983498948274695,-2.4758416414684338847)     (-1.0236249793417060427,2.3870164453505182678)
   (-2.2971405245420646324,-2.0894276017383059951)     (-4.8916231787616313298,1.7817003772898862834)     (1.8153225150844636282,-1.7804268372083875693)
  (-4.3422009579747715691,0.024081388379230159874)    (-0.25941041323675462227,1.8004511614524396634)      (0.19955075684516823675,4.960039308235696609)
 (1.3591322285989759777,-0.0021526527216749139632)      (1.2064917488665964918,1.9672698698310200349)    (0.38395975695355022417,-2.2168962480594021081)
     (5.8214652433550542199,2.6917176837742338158)      (0.42375986045123104073,-2.59867569951088484)     (3.5351751362803098822,-1.0915761362137432755)
   (-2.2761012114902259285,-3.4706757396329752652)      (-2.62015943600843082,-2.3146713987422726788)       (1.958648290609576792,5.1990862165675357787)
     (4.2583045421001042286,1.4084540513381200721)     (-1.0587377697718278746,1.9816836938606317009)     (2.7516774575918581114,0.45069168524074348925)
    (-0.6260617404056645352,-1.625625336072435978)     (0.91368439845276672173,1.5363969331824416376)    (-1.0898146470843586009,0.52098764572750433377)
    (-4.2844640121405772604,2.1882219666399471691)    (-2.5491928402144492516,-1.1947435498220559946)    (-0.14174981368331676657,2.4849215459204523349)
   (-4.1654724508323246468,-1.3935491834643507492)      (1.362558429338643684,-1.5540069159986544811)    (-0.41249898919906891059,-0.939230435369050487)
  (-0.59082442128883971844,-2.5181535377978390144)   (-0.17301281425090178634,-0.4954457129548234251)     (0.69611108729574788789,1.5727309393906343526)
   (-2.5080551996004487592,-2.0455451341298771517)     (0.94360663372750053224,2.7061242788441632889)   (-0.62010424041298983777,-3.1007829505692825478)
   (-0.5876782559556723573,-1.2513354850102063054)   (-1.1262111212277070571,0.057532098022643286817)    (0.43782206945005752718,-3.5308604198390103335)
    (2.8752947900636591783,-1.2057989957669243974)    (-0.58998381943223143775,2.0852481711636703388)     (0.34779992114460084318,3.2986452143556306282)
      (1.2519179868011658385,6.412241741751832258)    (0.60922229078419365411,-1.4259078450811426553)     (-0.26931784134570119216,1.466956845191682568)
     (2.2920939520540999368,2.8718111013149858479)     (0.29357287650709062987,4.2624265838328740941)    (-1.2351834353296795577,-3.2690091460777872534)
   (-1.8024550029946613261,-2.9665552838891304788)    (-2.4135118442717642395,-2.8407825552812129288)     (-5.4607112390614602759,1.0549262711777638302)
     (-2.475328761290096935,1.8812285979611831355)    (-0.4929058576255156976,-5.4259643724703829903)    (0.80576854547772891468,-3.6481553095840886236)
    (-1.5135373963392630969,1.1256103518228983695)    (-0.74449749947226029345,-3.097740113550321972)     (0.83966233284989888475,4.9226463989320583536)
     (-1.987394324112321975,2.8854050590164765921)    (-0.1924795976012303178,-3.6965681383523643078)     (-0.6112964794010916636,1.1688728817605120724)
  (-0.60630093322050815363,-1.8592563719173722525)     (0.54443471597018688879,3.7436733474394334742)   (2.0193755197799387879,-0.017426600562464623911)
   (0.97281771329077515453,0.10687311522999690117)   (0.35218240501444630919,-0.46896245868147762303)   (-1.0227848302389956903,-0.70653505242314840196)
    (2.9611983937145893719,-3.4597471101024028783)    (0.51158961927095913946,0.44894298259086512504)    (0.60940009821991447669,0.72045763145775698622)
    (-3.1596180932995916457,1.1218040027075319998)     (-2.0083098982651037545,2.2221290163890619063)      (1.0713910754085715915,1.1430775416526803845)
    (-1.5120880101956200026,1.4819697844438768364)   (-0.51411069184556001943,0.02642140123331200921)       (0.475030149318854511,3.0774951514910702244)
  (-0.53418435803662767114,0.97149929148222613495)       (5.030954023039616807,1.8974768541344151362)   (-0.47920641004702557719,-1.3428441618709483496)
    (-5.5324351341786757175,2.1517470346975384743)     (-3.6984713030164497738,3.2007269547419383571)      (1.3570636251841428077,1.8258300273274197245)
   (1.1845698744578794237,-0.33683161322953147909)     (1.1607236215848668603,0.44716884385650662592)     (-2.0671927530884057767,1.5778521260217932554)
      (2.512266755444400701,1.5754205964641454507)    (-0.28198612524437360882,2.2943157184271094629)     (3.5794610735059761986,-4.5024946678533428468)
    (0.57039379274159041078,4.2944281272498097124)    (1.3717778010539738442,-0.73118589479940121478)    (0.31742339741917191542,-1.0805716987769531379)
    (-1.0078310768528617736,3.2970353093380770915)    (-2.6136102555067211028,0.57150942304145591066)    (-4.1024841989773426221,-1.4109483769818944587)
    (0.77716105797120960119,2.2249871638515372751)   (-1.9993760725312348381,-0.38612298161191260792)  (-0.70552136827717981671,-0.16961672694976731579)
   (2.8668576884406435923,-0.42122331221574066396)   (0.26527486364524882623,-0.25768854621924014436)      (0.67565436509534759768,2.136461114181822829)