# Superpotential Type
Custom
# Physical Box Size, Power, Coupling
6, 3,  0.3  0.3  0.3 0.03
# Nicolai Configuration Number
0
# Solution Configuration Number
4 / 8
# Sign of Determinant
1
# Norm of residue
6.21449e-16
# Configuration of a scalar field solution
(-0.0095289949668818426515,0.0031113317803058782376)      (1.3113572420885271086,-0.74398864558536081937)    (0.034104769834032037934,-0.34708979529473954484)
     (0.24473908422095927429,-2.1915792796982462853)      (1.3655541375254183212,-0.41838746718902652955)      (0.54725793628815688763,-0.3259762688322505042)
   (-0.95364841965007574043,-0.53079206210015350553)     (-2.7690062148323666413,-0.84288125209622977163)    (-0.30308053908527743392,-0.14837525473332091597)
         (2.8793389741553854222,1.07344191207280093)      (0.34033735368023682044,0.21854329031079172685)       (1.4909231138046501464,-2.9065766352975916931)
      (0.6250031802391134983,-2.4197192704901637761)       (0.26009196904103004666,0.4306460308706812623)        (1.1630427558053815229,-1.658387193873279486)
    (-0.16849825224131867452,-1.2580108460755357047)       (2.2026081460799034062,-1.8716812681779897432)      (-0.19724996825198662376,1.8403729895620832835)
    (0.36589625424267502307,-0.46180447172412469881)      (0.74851447136036453056,-0.1311448446512038235)      (-1.0450060879188900476,-2.1801172664489745223)
      (2.5926930452012384443,0.41305708065493645931)      (-0.47453952118366393709,1.2231431803209238396)       (0.31492476917827427751,1.8739957397380533344)
     (0.90368285777117918212,0.84958498217690792131)      (-1.5319258268967361758,0.76539043617673119257)      (0.43817021746419210215,-1.1322419561939915944)
    (-0.47406624204888153651,-1.3002320438843613104)      (0.48257192051381947451,-1.5814926995203621996)       (3.5460288464050471191,0.53894450023546447426)
     (-2.0680729533978503554,0.13293844083105343934)      (-1.3384721288149856733,-1.6640043772205930228)       (1.9384396444835680917,-1.4121306013264194323)
     (0.34724380736553706051,-5.6770930727870902999)       (1.4735574006606824149,0.58079685664390223732)      (2.0102600436543536233,-0.94627712237623040625)
      (0.75241710778072501409,1.0496110600463492979)   (-0.75871762053648827973,-0.059315646245621606036)      (-1.0776066819594116719,-1.2234018594104656419)
      (1.5773852223593438637,0.95086963627165255186)      (-1.2620344487390804389,0.49302642459980500211)      (0.54427117337153985144,0.74905395816393727237)
      (-1.0709487996027287071,1.5598412202738745069)       (0.31563909156089842156,2.1212519271893337525)      (0.14422096081220975305,-1.8442757443106885251)
      (3.0823806453106099568,-0.7729741528872587919)       (2.5378847916501352522,-2.3857254664067917282)       (3.0212201655683719181,-1.3482707073166768641)
    (-2.5677958852840263582,-0.95984686820036879684)       (-1.4909060852897819682,4.0652534577703329788)       (1.3196259855349687928,-3.7383603686056310345)
       (1.4841546694900042969,2.5771066165311586893)       (0.55602121022663508754,3.0587859436032398541)     (-3.1367760389730565684,-0.34751617348400909435)
    (-0.78441082137569695387,0.29061404180271876996)     (-3.7899424458482151579,-0.40047147731329696407)    (-0.29304042835407795309,-0.31606173796516418006)
       (3.0218748499401790752,3.6834472028388667297)       (2.8349148091644527092,0.71705872597944453339)     (-0.78556977583177534097,0.67447962555585616595)
   (0.24320253634427324574,0.0006237272279024745885)      (0.43004396972175085168,-1.5813129643727237283)     (0.51034957856252183284,-0.67242975320546316542)
    (0.77710432965129661032,-0.58852352233538418602)     (-0.44484828517038960127,0.27730244950364679735)      (2.8495178942303835967,-0.90125456912904400308)
      (2.1002555636804762784,-2.3042557680320490121)      (-1.1583239528889968106,0.36814692079869687502)        (2.8303354177887620757,2.4116690372400171327)
      (-3.0714758823228782703,-3.517864707133925517)       (5.1834614470621049875,-1.6545979849321832411)      (0.60658223362164020998,0.25510933675840535839)
     (-4.6968148614829310361,-21.778737233429076525)        (16.336061396492979725,31.651398326858917187)       (4.2725316515013460617,-27.515741391791490145)
     (2.2001484106458706336,-0.10581901642169878885)     (-0.70266897251825510828,-5.4036970470579630543)     (-0.25034582710876385203,0.12385779148354295054)
       (2.0088371963445852408,2.0812654373016026277)       (0.57932169529732979729,4.5451542064998191606)       (2.7958219160919126622,-2.5367526864307041734)
    (0.68411163667948504674,-0.67435782568285096428)    (-1.6247312301915479704,-0.055824675702871459637)        (1.9136831253188031354,0.6637491552285826879)
      (0.5311225753255442994,0.40432465735395550777)       (-1.7561784136292000191,1.3660930278400340576)    (-0.29620558777071076539,-0.61494890583801253836)
       (2.0248321136744937832,2.3663073539333052686)       (1.9818782227260798301,-1.5978958995547147826)    (0.037317895663900584047,0.072905404347916438756)
     (4.5751638279592068415,-0.41611946027565388517)        (-1.672044356811282384,4.0504022199992935072)     (-0.25663281726595260634,0.24726749873962855508)
     (-7.5584005533538851651,-2.7292364712897247969)        (1.9626789097229604408,2.1182819602565419181)        (1.2215120617974866146,6.5884959621246803607)
    (-5.5365465638149640171,-0.46047758051097170684)       (1.6363937826405379194,0.53130620934379924059)      (-2.3248186631047342843,-2.2672891068901868117)
    (0.35213310808277753505,-0.81742597364309743657)       (0.20455705822436107133,1.5431087924567177261)       (0.16988001349712367194,1.7464352406028562648)
      (0.77523208590740944057,1.9482357758560562289)       (-1.0268555791837663538,2.5523228553895380699)     (-0.49738094663346793523,0.25706942002345140041)
     (0.96649316920552164056,0.52125692798945488793)      (-0.77520809013943825505,2.3562191517485682191)       (0.4133879778543887995,0.35922304629749141069)
   (-0.56318938336683355139,-0.86787557621352773296)      (-1.1490506757512697344,-0.7958371233207596207)        (1.7874899048409680358,1.2816334586042574806)
      (-1.7208253599605818351,-3.479166366948151623)       (1.8478292496914008325,-1.8263612683989043362)      (0.86449892555561558272,0.72600926907166951629)
       (-1.3943690024104178349,0.665018234190746238)       (2.2251723922256325672,0.48294586740805262037)      (-2.2310674050125727241,-1.8510071445718720984)
     (1.2979240053821097245,-0.45785850684434115099)        (1.564017711819218226,-2.6669713208933125692)       (0.28989076976134553476,3.0888698191566343887)
     (-1.3360109420580625894,-1.6874604098339121006)        (2.3471750819244801001,2.6281475268527563216)      (-1.8078176428353742722,0.13922071037650923797)
      (-1.6443742122800735217,2.4580490271527568602)     (-0.59764542123286301667,-1.1899433920637720874)     (-1.3219798045111501583,-0.13851545491310623959)
    (0.051118473386044076257,-1.9021925294984074473)       (1.6239955907868768303,-1.4488234109999633681)      (0.10072146076646691648,0.86913333815921756109)
    (-0.4876460616535672199,-0.85255667753475006254)     (0.97739354989099225257,-0.18487611595859851366)     (-0.75509900958459519327,0.61288550599671209884)
      (0.84841303914178678447,1.1904575806350781164)       (1.1632785399866365506,-1.6523010780100733097)       (0.42741844448412780189,1.9549672051984661181)
    (-1.1178720966521382696,0.018677254294363752896)      (0.17322377874071687165,-1.1109721392925813177)     (-1.6335499784764910824,-0.87855494306178472108)
       (1.3963505125212583025,2.0432430402729169217)      (0.95993480992025692622,-0.4702998997466678599)      (-1.5759865615306456466,0.61651253216179413563)
       (-1.0819590199103015227,1.684630231212481899)       (1.0889080796758374703,0.88975817533869505649)      (-1.8967502206147137667,0.44630823931403534877)
     (-0.69534830960803828415,2.1970209456047906649)     (-1.5289146962754240899,-0.52933539940347984487)     (-0.55538172561676535377,-0.5698536479207636507)