# Superpotential Type
Custom
# Physical Box Size, Power, Coupling
16, 3,  0.3  0.3  0.3 0.03
# Nicolai Configuration Number
0
# Solution Configuration Number
5 / 8
# Sign of Determinant
1
# Norm of residue
1.18808e-15
# Configuration of a scalar field solution
  (-0.51947766792047878059,0.38851762217828317292)     (2.3371159521150026706,-2.6249388890492606485)     (3.8208151521259727801,-1.0199833621449221344)
    (-3.4102664111549545467,1.9206695683291759025)     (-1.3292677133241088683,1.9040190634389415614)     (-5.5411056862978815829,3.3352769235017749594)
      (1.0566708697445146292,3.048760456280962039)     (1.6029515107101282023,-4.5520673783725449368)      (2.8660907293712227784,4.2890925247276534549)
   (-4.3490377300745715061,0.29133921137150636804)     (1.0340135416582416639,0.31907056388171545214)     (1.8179081580732552315,-0.3380887897675733389)
     (1.7208991692937998241,3.6914087825535570886)      (-3.850481850565769637,4.6192266550977967299)       (-2.3774965313413449763,5.54163898576753855)
     (6.1585903644068560325,4.6306277668197326491)      (-3.042644103546294776,4.1655937800132596394)      (4.0993993872919114452,3.3949663651741128767)
    (3.7871355089844289665,-8.7171887606300462181)     (3.0099766800068232797,-2.2310436760157652536)    (-4.6860928466215181487,0.24631069672956124039)
    (4.6122672010207210747,-5.3469312806229192248)     (0.47353021408484963217,2.1141795487939312181)   (-3.9041971679475095947,-0.52843495346309410365)
     (5.366744233035356082,-0.9259282420925050161)    (0.66083345165399831611,-1.3331360766191997502)     (-4.0466969338270732948,1.8194537852876311312)
   (-0.93591408601502235065,1.0047181335394632651)      (1.9268621056618981946,2.7608230969538629651)   (-0.21963461865307901122,0.35655646700923271375)
   (1.358960761277651752,-0.061828581251697718735)     (-1.1626687596556144477,2.1109453483849720534)    (-2.8594753312952039259,-1.5093678186603123326)
     (3.3329104134106799506,5.8067217201370944224)      (2.2255740222561155583,2.7933258037097061788)   (-0.73675660423597644222,-1.1451679023851235595)
      (-1.5331641928689137,-1.5367905816097455762)     (-2.9781345102134255676,4.5432649868051990794)   (0.79897249235699063785,-0.19434926713794115072)
     (1.8967454795687901381,2.4755679436594117959)     (2.4562369820237259788,-2.5457315565858631423)    (2.0899847752003242185,-0.18367708831311652107)
   (-1.7381606367518775969,-5.5711339708177201047)    (-4.8341476426077143458,-3.8461889985181052509)    (-0.96669530004663672962,0.9072788231612596288)
    (2.5327459070231381766,-3.1124591299877626405)    (-2.3477590074528200681,0.46575852356018354605)    (-0.16322358608616979736,-3.511229164226066235)
     (3.5153611293472426524,2.4313867211052917483)    (-5.3263759572696223188,-4.8892153052575002548)      (-2.085503028088514732,3.1560865757059852754)
    (1.0613277173666715303,0.36802957575356987086)      (7.1290930312460014662,2.9284354802288778963)    (-1.5109357369067675236,-3.3309687399677856412)
   (-3.1311362156934561263,-4.8895925519303746754)     (3.3344634556590939667,-3.2514666852197535718)     (-0.8715160887406078194,5.6273008456787465548)
     (4.9825732993912721369,3.5988489618501446898)     (2.0039461131387299453,-2.4381429134419327909)     (2.7157276443616891193,-3.1142427043103202422)
     (0.6407579590987677598,7.6963292366738116357)     (-3.6909613205545794834,3.3276901386696491336)    (0.45884555720369490928,-0.4644267892101279771)
  (-0.95573567860436126065,0.53878281234548608403)     (-3.1914383739623968239,4.4707907417798002925)     (-1.9175437966486112984,1.1401637013944851962)
   (-1.3768255604137362713,-1.5836374722290367245)     (1.7628983043554147248,-4.2473746451416234393)   (-1.5274410266307794082,-0.88226764832334048094)
      (1.2218884429191643193,-3.65722580029919353)      (8.0100750415713033448,2.8489944252072048059)   (-6.3878394219267766729,-0.41962486923134484362)
     (2.2692313726905015692,2.6311179740461025922)     (-3.5616111095181017809,9.0904266020266923931)    (-0.94615916570179448009,8.2015479556562080887)
    (-2.9796543824976042814,2.8371638054536401086)      (2.1478816367731199399,9.5662697578755562233)      (-6.7859585910077866444,-1.16983316236574586)
   (-4.8820554930488491152,-1.8519671376928206197)      (4.8418102395633138002,-2.242860051150417533)    (-3.3244266174792564961,-2.5187048297038101552)
    (-1.2264624036877782576,3.8914656884440548268)     (2.0945667450063432113,-3.7925957866095649784)     (6.7881763704782054347,-1.6320584856986983802)
   (0.20416849620833749102,-4.6336363256552015599)      (2.7387815682093132885,1.7378755958376379542)    (-1.8098250274955671735,-4.7474379737956953207)
     (4.2438244469965100691,1.1334409108535266064)    (-8.8883320853375025195,0.86822738227806306455)      (2.0183673655142806425,1.3007296003333539414)
      (5.2132466620346793462,5.312134735290470644)     (4.6351663603776804834,-6.0834232267291525886)     (-1.2882701491176313802,3.1201334044218969055)
    (2.6442627526157704843,-3.2095222320388976378)    (-5.7598646758867877438,-2.3626546975072981738)     (-3.111272233893440653,-0.5696064971087151374)
   (-4.7135981367581196722,-3.4943600879020135785)   (-2.6770421438846656592,-0.20344514136012029071)     (-3.136668122635340783,0.67645812224959089853)
   (-1.8239904820356651616,-2.0233895044505216809)      (1.0005002249590926322,1.4448827240521679993)     (0.8560390997447607786,-0.8623267037109699773)
     (2.0719652316815597715,6.8338941038275402562)     (-2.992434287462777398,-1.6946759745674713216)      (1.9447271343861269877,1.5699889195649221474)
    (4.2323760130437610982,-4.1709364017137229297)     (-4.2950866162697902695,-4.176851898586892986)     (-3.2272700675257888214,2.8629365002565481113)
    (-5.580557945195782743,-5.2965326146182931666)    (-5.9447691309581998098,-4.0142588723739827117)   (-0.46048848252976282147,-3.5495096128421081971)
     (5.0359514272228871334,2.0083644724656068981)    (-2.1905371483858306902,-2.7570878529398998857)     (0.26153516307809637764,2.8059039243317061008)
   (4.5002296555730838534,-0.79307634044600150425)     (-5.4085004046915550191,2.3932941970315004809)    (-3.0037421078366479676,-4.0595191603944185132)
    (-4.0869139833012466667,1.4188756748753155179)     (-2.2043285190279813257,6.6526513198114001213)      (6.3136114357717172396,3.4770259062252142357)
  (-0.80650882550245439617,0.25094309802197611869)    (-0.64202271476034011854,5.7588242361703896322)     (-7.2366689878508871914,3.8990664111384432111)
    (4.3701869250127307609,-1.9345669742208000397)       (2.4620642235613936499,10.20541619136560918)      (3.5421890410767176149,2.4236570673667547915)
     (1.1329957296752557472,10.775606065072691919)       (4.951461945681665533,7.0661077018603579702)     (-4.1437424877431610071,2.5493051566910867045)
    (-1.8933483339720469374,1.6199701842983795785)      (3.4424287941142344138,1.0988357038072043004)    (-8.5215691326814297923,-10.275694633242123288)
     (3.6078376254738322437,1.6977961867990578604)      (2.4796426844755132812,1.3645145154490996298)      (1.1191081090976537915,1.4679926006974843844)
    (2.1007035667415752123,-4.8898955749540560234)      (4.5387280224705737197,6.0499221899194148833)    (-7.8740769801719414644,-3.0247039460336626604)
   (-0.76101360468689771555,1.6791789907782064262)     (4.4136814718682053638,0.27962607257031335539)     (-6.2641508069504583389,1.2288112733173564006)
     (2.6024696979717680811,4.2267276732753558122)    (-0.16811624948491865617,2.8943337130057300577)     (-4.0553981098487783541,1.1811324802046785365)
     (5.8249706936139045155,3.2595649790901908283)    (-3.6164525677978267559,0.12739318221015635824)     (3.7530921078776438016,-1.7620944331934391691)
     (1.2210357714788035999,6.2690958462534620566)     (-5.2511675812964480059,-2.674692755746192141)      (2.3140180719147513955,4.6308687928794594058)
    (-4.994799208246898381,0.20704365888991946298)     (-2.2133736544544109215,5.1658348591824880813)    (-5.4323492314135375381,-1.8447093916525505453)
     (-1.4810470301878588817,5.802219566481091384)     (0.4648080624422306073,0.82627188241704285776)      (1.3333076993821750822,1.4391626914817161609)
    (1.3014899476127892441,-3.3697740752710987344)      (-3.335592166459105723,4.0467845858557209837)     (1.4202259565074799585,-1.2997127414457225747)
   (-2.1242106646636491618,0.42194058955380125964)     (0.52220657581003138148,4.1178943327472019575)    (-3.9721751653474779431,-2.7650718826327960187)
     (8.7231567494593083012,6.7804339090346150698)     (3.1283663192005093379,0.73141918293931307282)    (-1.7946893720942205253,-2.2259072303766136436)
  (-0.47743659905621321782,-4.3223195620086052315)     (-6.689144231034681809,0.28344043199329133076)    (-3.2831817075198621581,-6.6095409056284628591)
   (-8.0226579730925013934,-3.5532876357882563489)     (-7.9899056912089818638,5.0229257533980806727)     (-1.2116346640722697181,2.2243593372582064482)
    (-4.5292253897993131062,3.4059837828874677257)   (0.94728802547539547874,-0.53332091937274828108)     (-4.5736184638744123987,4.4248549713474822909)
    (8.7923156689371371186,-5.4618603079761349761)       (2.9189905540811516005,5.645530858470109159)    (-2.4907313574745137963,-5.8010279335577523696)
     (8.7064001595221949259,1.0010506695478733619)   (-0.50521901092163068459,0.15099772525022767122)     (-2.5646206993033087151,2.0240624131167952449)
    (9.1722674174413327819,-10.975011796572175626)    (-6.9742848082106005947,0.72782043378199468009)      (4.6254356041319573123,-7.200555211776102027)
   (-0.3331754672901084402,-7.3444433357063738654)      (3.4435282077684301605,8.2060155808820400836)     (4.5559498018356299198,-2.5666553252123813778)
  (-0.21339794285762717085,-3.5323476556816606475)     (-8.1081538794026961625,4.8574296528770650738)    (-3.5866917322432425586,0.10749790216700448597)
   (-2.9439543460866137714,0.86821952239039112964)   (-0.18947281168517490779,-5.6455392908113317674)     (2.2401413509293033322,0.16757854455490497902)
   (0.31643650852698917975,-5.1532663782390848439)     (-3.301262497685248043,0.56008311800818011417)      (1.5316744533218697999,3.4626986586011536673)
     (1.889260923506213885,-3.3355152386276536447)     (-1.1180156135925880534,2.3109577744910136943)    (1.2254726834180786899,-0.27239732108636260932)
    (-1.7105880551882517437,3.1999599833474090538)   (-0.97077251467057623646,-1.5751484026164852548)     (-3.0572813642818941204,5.3656360431195428973)
    (-5.2128143084896967352,1.2520818374130433526)      (2.9400020985065773438,2.0544895846843438392)     (1.5548824195856791874,-3.3013484145101128497)
    (-2.3440307216907791954,1.0940479388129946692)    (-1.7789503708307523588,-1.6921570305238704535)    (-1.6478983298642639888,-2.0171921786806557009)
    (-2.2637654622076079924,3.2717974286995636923)     (1.6156259501057770311,-6.1071543256112477138)     (6.2939132988331349949,-2.9785649127647295664)
    (-2.8098430522438717638,4.7898460456825580067)     (-1.5498414026326590154,4.9983487218079067915)     (2.345859800647723592,-0.02335012606064848506)
   (-3.1017045216456979873,-3.8617566358186774522)      (4.2281778947475920916,-4.127921775047623143)     (8.5086783341600202846,-1.9205856603207143163)
  (-5.8517073632247074144,-0.82170451325275850607)     (10.861047400614040725,-2.8959156834274231151)     (-7.0974902288188621569,3.6282114139565702082)
    (-2.1795589176449556845,9.7363652827428701642)    (-11.066359114074950654,0.59820354646482043481)    (-12.124667836578623792,-2.1873901779683748714)
   (-0.15726339131318198272,1.8664540029602427751)     (8.5678842598995981206,-5.9480059127246480699)    (-6.4922056371398273455,-12.733850246238910486)
    (-2.0820938489664686522,7.7186335798585732348)    (6.7592541669080894451,-0.46591416166188576176)     (-0.2614137441693672459,4.5950341346013905408)
   (-9.2039905884848369766,0.90611058139459066396)   (-5.4396267047838717801,-0.11502545469903868725)       (8.7674536788209103122,-5.77977046816048734)
  (-0.99389613497199258418,0.87018222131011380149)      (3.4241211866126621821,-7.270162625038168791)      (4.5224404106110700496,2.5103264285634483421)
    (5.2994515902875996005,0.55097777277555159969)      (-11.884760312667969728,3.013305611339404777)    (-12.850750742336797927,-0.3671162898767790228)
   (-2.5679194106159557442,-5.2437345116700679881)      (3.6699821443040416824,2.8423073776905152243)     (2.8529056586803132056,-1.0074140832778233356)
     (4.1022121085632425874,8.3322432503007437532)      (2.3127149366384691653,5.8134158615863746888)      (-7.3943144597437040488,10.38246886521167589)
     (9.386336592410591706,-5.2540546661785807459)     (-3.3032023015625169293,7.3981280807152005607)       (4.7672048547651675321,3.295052751241625888)
    (-2.0247969894514037392,7.8266172819895576396)    (-3.0888966434336850853,0.49467649185476270102)     (-2.9060067193637757477,3.6940189660018529771)
   (-2.9740099753747424316,-4.1031986401700555334)     (-1.6352394219352526239,4.4100352681547372313)      (5.5209689797222871732,1.8469769746757198625)
   (2.2621711733454379356,-0.33265894085286312754)     (-0.25348700218995995348,5.711715286606341202)   (-0.056261199003656794937,1.5392864508377797073)
   (0.62733126173591036157,-1.4812943474906004049)    (-1.2328385916175081949,-1.8975172627672061143)    (0.23921592436694191774,-2.6678014034413912725)
   (-3.3834377139332612039,-3.1192100524280932383)      (3.0018080719918285304,3.1742898505112138174)     (4.6320354315311007554,-3.8349727406124385354)
     (1.1155879979570870741,7.0099942177357439377)    (-9.9701640957455897052,-2.6295268462346732541)    (-5.3124417684691351838,0.68675357041563622751)
   (-8.7111392282012030108,0.37445332577578505084)     (2.9668460344132898676,-10.810064579315431743)     (10.836048425932087724,-4.1290653833870578637)
     (0.8638024073210444076,-6.087743642884147377)      (13.08803166353837355,-3.0131878426067495447)     (-6.4695200174917006919,3.0155806447361221956)
    (1.5022505177075033966,-0.2567220114672158493)   (0.22047686080219477955,-0.65496889291895854512)      (11.013471287706371626,9.3826175466302448314)
    (3.2451962009928259079,-9.1936535501570322282)      (-2.4867965559000224651,1.533228689238636866)       (8.6313138025371998197,2.545007214446478816)
     (-10.408354512778267065,11.81582822044662251)     (6.4284711165637125063,-9.1955740674207309127)      (1.6902446006930658129,13.686565632285377703)
   (-10.850780151726274525,-11.266473083076908424)     (8.2448395111999630558,-11.508830232599118304)     (-2.6628769746131495388,1.9850486291965743213)
    (-5.0199165655046238399,3.6351716469614290261)      (6.1099313443743739072,5.4281299668678144599)      (1.3854387124014673205,11.543712530105048941)
   (0.23908628835436138149,-1.2399654525154508722)      (3.4233917147794379332,-12.57780683357591478)      (6.1663910227223270866,1.0509143982012210117)
     (4.1797278887394879732,14.106601155551601323)     (2.0050472495988591604,-3.2394124140151725477)     (-4.0302840690565000514,-9.365799487784284949)
    (0.75087914052508397678,1.0904097417748523924)      (1.7887238309624466925,10.511452375916942259)      (2.6839249908415521162,1.4025300641482458808)
  (-7.196668942650913614,-0.041331893698449750918)     (2.0553714722541922555,0.46724820198720312669)    (-1.0686719480457289588,-7.4427380696042009234)
     (4.1766081417492602057,7.1049356623339319228)    (-1.7365748908331746225,-4.6874184996667676018)      (-2.5705020877273336843,1.369274253945729658)
   (-1.5718251389626993753,-3.2735883220322445908)      (3.3455723899473279737,2.6377185113166250474)     (-7.0387804233721125158,1.6837350376078430436)
     (5.6514885634750218202,3.4827672537996812174)      (7.2999868152151456968,1.0230120726077405191)    (1.9952393791341247464,0.011448652111580146298)
  (-0.33537542903306322151,-1.8718003450199345306)     (-7.7143369444552583047,2.9812652151707821346)     (-5.3150462319484148566,2.8374160671517887344)
    (-2.3303093288635214897,1.6459347942208579774)    (-1.7765598797696973143,0.93412797245476364427)      (7.1987513328429466597,5.3424690073104539323)
    (-2.635303142878473448,0.27529883430041979242)   (-0.42441413091317498063,-2.8148044284592224074)    (0.060610295276676190435,1.7555984891202858211)
    (-6.7737274354582295288,3.5767908219693449468)    (0.73596190634168445754,-13.834578161481164926)     (1.7510935076474263283,0.94223863484409808855)
    (5.8855403156775132345,0.73690784267205100555)    (2.7520967268111427018,-0.84905991988880091803)    (-3.6583660104815787228,-3.5570082136859419997)
    (-3.1356200022281779383,17.862373276434727387)   (-3.7671216292035403228,-0.34256167512483332027)    (1.1768081715377951557,-0.10786079888272830096)
      (2.113507524294107931,9.3830113413820637192)     (18.641542492754823002,-5.2428259670228785083)     (19.781376418935984418,-8.9201010727764824537)
    (-15.611030040511392869,-11.36996410314688255)     (0.8776753944031068233,-22.624354595953697356)      (13.529343540701779247,3.5892695757727635097)
     (12.309747116314641247,19.423371704487827571)     (-8.3455044921056007468,-3.074603498563058146)    (-17.985539081171179276,0.83593542982777457873)
   (-1.5073548188081455912,-26.423710775262176043)     (14.460705957237170338,-19.917176700333460104)      (9.7410734835126326914,5.4467978881508463118)
    (-18.618887542631647136,1.1596750951300722754)     (0.31517565761405469393,1.2707856528564760445)       (-13.1470364861236515,19.581338286400004733)
  (-6.5602943903273356341,-0.98948537767101651941)      (-3.6243489299767861489,2.228814038670996478)    (-3.0809943871833911366,-3.4926425476277698223)
   (0.51884958399799552264,-7.0427525346094572711)      (3.2462207709716914827,4.4970280997496807629)      (-3.116977493893917206,6.0477258204506147976)
     (5.6464684986719477777,2.5370498089197255354)   (-2.5495613263613532418,-0.94437798830547625695)     (3.4071620461555580661,0.28348683877073865833)
   (0.73706228323328015772,-8.0846234578273321603)     (7.7166116026800803951,-2.9678127444150885772)    (-2.474839331120350483,-0.90716307216893443677)
     (8.5730202522206813143,3.2711806537363461445)     (-1.184286627458692065,-6.0280760057949134278)      (6.6176411526224949711,2.3392946118389490451)
  (-1.9803367586685522994,0.069483253782814877186)     (1.4648912313027837584,-7.9071052726017461154)     (4.7702288082015735782,-2.9183642303830978904)
    (0.59295549379795908784,8.2803487667013353501)    (1.6976471415833953582,-0.51732899447001012838)    (2.2509128712490569235,-0.17881517053738635314)
   (4.3706128333714460155,-0.72516687588842387857)     (12.167170050915814272,-1.8436129115136614676)    (0.57047970775080714123,-2.6977756883276828859)
     (0.1467531817628238977,4.4702240556485515199)      (7.7706955193752094146,1.5969534620649190604)      (4.0763797931679857101,5.2532864425034837552)
(-9.7222989393860519414,-0.0058511428933800601823)     (-3.1767894604773143641,11.536024389018262326)      (5.3789572809771781792,7.7910334999232704334)
  (0.018966437958072707159,-0.3067321870555563823)     (-2.0530689565540676256,1.7770409623580289971)     (-4.0102178502718306419,5.9179238574552108787)
     (5.0966043357067842834,6.5048066442576342183)     (-3.4641460590238564166,-3.819391567351305472)    (-10.722925321944593691,-6.3358243916221486103)
    (15.177172440700072542,-4.4330160007841108438)   (-27.000017532343584037,-0.19145964387363784143)      (-24.653177484838774802,11.47945264013559985)
     (4.1805465803711632233,12.045670794157160799)      (43.679251687636671875,37.088360608031450738)     (11.381818321876162159,-6.1759730192709589858)
   (-6.9625340619706346246,-39.005445880631583577)     (-7.5268097116871519603,23.189254648008297721)       (20.58950394077242052,-4.028946478414245469)
   (-64.057989517625216536,-10.586707663306706095)    (-18.222156831412071654,-8.6385987001313644384)      (16.863360296562721174,6.0454305107189014734)
     (1.3877052231362922985,3.0486758479891284956)     (-11.657343034374587631,10.740169143833028897)     (-4.3697052549844253022,24.371416522454723008)
     (9.730916459507030325,-4.9637598041535841986)    (-13.583721092139468212,-2.0368343442883292127)      (5.2706484529111774506,3.0947557689132874081)
    (0.38952233786904294499,4.6273515234151343378)     (-6.9860246801715168985,6.6112087569640394236)     (4.1059675780875783957,-5.1664061302832218203)
    (4.5421070695192575783,-9.8907698325015420693)     (-5.9974480279814530448,8.3518545981199672212)     (9.9017742871324401222,-2.7352021062385807326)
     (4.5643577703228874753,1.1978611696293945954)     (-8.8871671290906100182,1.9599031009030007944)    (-6.1685881887297115966,-6.1737519446819444369)
    (3.5808859030849804483,0.58808001741170179422)      (3.162880790497228034,-1.3338930650940594713)    (-1.2666671840540972838,-4.6696512669501410997)
   (-1.328628518267822578,-0.54194851291645484981)    (-6.4366997684865303597,-1.8754981218394370934)    (-0.33946685181249613983,1.2773288781823757265)
   (-1.4534719594873939386,-0.4122312753771826821)      (1.2015108216436889421,3.1837204089352297842)     (5.2098218159683451489,-2.1191806776008297319)
    (3.6442456376099969795,-2.2117434433107856506)      (-1.9835802493563721161,-4.11474219472968894)    (-1.0732061405885340299,0.86426492718459657638)
   (0.21569604491214403041,-5.5593585342324880472)    (-0.40947702757826953679,-2.852894147616427567)      (6.3376408965104431559,4.7391342105219411707)
     (2.1332899722469620407,8.3810968324767891602)      (3.7366187763905105435,-1.670930088277579495)     (6.1556348081920404525,0.11538095570917152044)
  (-6.1851098200308909369,0.095525845931271988198)     (-12.923328425013838938,2.0281952910131808565)     (3.1850592396687327224,-11.282068208393596365)
      (14.158492999058442052,24.80362640212348424)     (10.624893532416422204,-12.316547322890896154)     (-12.957066447653007302,-7.069737940557772049)
   (-6.1552710616261609999,-7.4107936410002084315)      (1.8287859011226492711,20.558034801164506433)      (13.719245510404611821,11.303871946457245912)
    (22.976507323733649457,-9.0485545882586926325)      (17.801715989053658262,38.990798718640242271)      (67.434792720945381461,9.8316699904101376717)
      (95.30949684350247253,57.364591521491618664)        (19.5422958975959844,150.25532151364572542)     (-60.616721997625745644,72.029797600838008975)
     (30.101953329123517733,4.3838124269268927691)    (-12.736932396061607875,-36.697546263614405859)     (5.2895672724061597592,-21.245023165734437498)
    (9.2085679303252270245,-9.1133527822000921503)     (-1.5397482964421311813,5.2936123462275865847)      (18.542083196630521513,11.283721950777071186)
     (8.6932545502513693947,2.4591825322754465866)      (3.0149592500280406604,1.7929841373472390487)    (-0.99234409932395950538,4.2308731091278826142)
   (-3.4016246728864865112,-10.136875997933769256)    (-7.6239194722011127681,-6.3021316029263028113)     (-7.7906997228409249345,4.1203674270913852595)
     (1.1283632525262614621,8.8757619043182440777)     (4.4078490632890989787,-14.036700620039392007)   (-9.0949075371891314745,-0.72168270022662683871)
    (1.8555921675998237053,0.22251049331617106519)    (-0.40138840461618191524,2.3802626068840329054)      (2.5223195039709849219,8.0252493690479429489)
   (0.51077336317843102798,-2.0338603437782922789)     (0.16460354731585269406,4.0414635250342216821)      (6.7996657458380607153,3.1026345246221707086)
    (2.5260815879423370589,-2.6592855274316176128)     (0.39425591015558830721,0.7286394845894815786)    (-1.605103324144029342,-0.71991655972203438818)
     (1.1543709446335710389,2.9003847394585875463)     (-2.7663299923331119423,3.8743538087959357163)      (-3.0251545827016226298,4.767177215223964204)
   (-3.1520233521436171742,-4.2744577727457633287)     (0.38892848213665681678,6.7906493409265431538)    (-4.6492425976721891701,-4.8554502091906908134)
    (-5.3024509781226676353,3.2757999274226770048)     (5.3264544824713588866,-7.2350872014566034451)      (-3.273875459209685701,4.8950353416079650515)
    (-3.2062097630347832222,-12.85007615034182038)      (5.7201108428383378168,10.653891431457756411)      (1.2440787344362551625,13.582058556226350277)
   (-6.1084193594398570326,-9.4907052025419549324)    (-1.6887856969763677117,-4.0926213366322254927)      (13.752898472880318081,7.5358796270568122466)
    (-9.7315242494508069626,6.4555214322094025547)     (-0.9941399097741422386,2.6786492884350558974)     (-2.5135044807438915448,1.8687500144740825103)
    (-15.10194389654440883,-17.777199796363824191)     (8.4334222993351684039,-3.3542334905165787085)       (-19.782792461425742658,6.97933290789549865)
    (-8.7253063199777312064,-2.994792406798418849)     (-21.849669817740693389,-19.84295854869629494)     (-2.8781974024832130965,15.059951042643392682)
   (-0.38542219615161815716,28.440205785730544363)    (-11.839743210445707433,-21.109952585981513806)   (-31.425596457723727895,-0.27575012761672779149)
     (35.873210624941322067,6.7097291909809877453)      (4.4941435469085373455,1.3541459552899015595)      (-12.60260106587855411,25.929227751837764515)
    (3.2451711906757134685,-4.5420697040413369194)     (-3.8956875613283421522,13.203820977437368711)     (1.7830726250059287796,-16.694407467319589244)
   (-25.375381855184933499,-12.594240589685561815)      (-6.1543010139583183005,14.90435290017684089)       (2.9584485442152916868,2.890709417267425696)
 (-10.808148550006382749,-0.017071868731386798806)    (-7.2268626422997259695,-3.6492910895853323261)    (-3.6653131769913560589,-3.8039231348801987309)
    (-2.8956491233635359706,-7.871694283992749952)     (2.420067910100661468,-0.40716425086522334276)    (6.8245651856550457737,-0.14625645584698218626)
    (3.7487418128815579443,-0.7415276907290413444)     (7.7185114606088776057,-3.9378115292009470139)    (8.5375700043058664335,-0.14280463875078006075)
     (-3.1091235506788521548,2.854320188397329261)    (-3.666264275825096064,-0.46707977090368207884)     (-4.007317783867363481,-5.9405209773160194686)
 (-0.36711569659051473957,-0.66774024497305295434)     (-3.3179011944406178181,6.0681602874131437275)      (8.9673046634604727245,1.8603688520457037914)
   (0.080194291664049358048,0.2593281432922956431)     (3.9336135021481837271,-4.2231929232463505386)      (0.38050107202834643205,1.024251311554539301)
     (4.8936732361860943996,2.4305622988545034779)      (4.3298764431242622308,4.5943831553942713342)   (-1.3645390953652001276,-0.28990956167164594337)
  (0.028185391398230300042,-2.1557552561085371323)   (-0.26716790352290586963,-3.2230378804653652125)    (-2.7258824742252532047,-4.5571391584615756898)
    (-8.7185228833777959068,4.0603607252724609467)     (0.40823061893394396726,1.3583941514899073866)      (7.4286174748042137495,2.9976825534849265154)
   (-0.4593188003501443295,0.66662160639930978512)   (-0.47362147779579405471,-9.3599563784646289122)   (-0.072847165507645889049,6.0474051240373416505)
    (-2.6955614992996421719,5.8687870088062439322)    (-2.9405263319640675412,-3.1439686909677617699)     (14.761974366937426595,-4.0970940192611173813)
    (11.586373623556175616,-8.5756495432048840399)     (-7.2052284608712469094,3.9168590061678218994)     (1.7846913347349213641,-6.0410965343296680885)
   (-0.23023903473498241734,11.828325750826044427)     (22.752665540684855472,0.70232815787943692065)       (19.57667638992983683,19.382835409328109222)
   (-16.975553782125910374,-7.1011796968210045833)    (0.57105849978867417871,-4.8064469369913194186)    (-4.2827224198568236702,-10.906539346944365221)
    (16.676936869411122188,-2.6292028100670097324)    (-3.2793986123084870599,-27.450154800850185666)       (3.4361175238190462267,21.15668945209249685)
    (-3.3245504228756188603,-14.94624951095757126)      (9.5308953146870951656,7.8916880078852713609)    (-1.3002357630906784536,-6.0910032459262577476)
   (-3.1360023829655916394,-3.9107789296777162313)     (10.485997660172463597,0.45702356899574148041)    (-4.5343890366951926651,-8.0751902149173133694)
     (2.2891079395432911703,1.9004674702876769299)     (3.0136107845046393727,-5.2874292388993451297)     (-5.3992685918751401886,10.218101476844731579)
   (0.81171361940475417196,-4.9564716946639668649)       (7.198446506231321429,3.9095375235770353228)    (-6.5304316203581667111,-11.663516999456431833)
    (-1.2405315888323593665,4.9201021663097970205)     (0.90113376365785358146,0.8382427457994101605)   (-0.055873359121206979394,3.6733777662046249723)
   (0.22885028808095778108,-6.0408992907954575102)       (3.889250459456688791,-5.494675591087894162)    (-2.3617452500435351936,-6.2958522692591873948)
    (-2.9543072886802184129,1.2513838773476202437)      (2.6551446396955924456,3.7721699400457868734)     (-2.5729858534457212826,2.7560820778385033414)
     (-3.2741431672117040641,1.727409352836846157)     (-3.7467644044661061464,0.5606883895889464009)     (2.2137587854215619032,-4.8380073184412770715)
     (3.867121032423248117,-2.2048701642626178376)    (-1.2595494859261966436,-3.6697074956662736334)     (8.9748881705418135368,-1.5204815266526818807)
   (-2.2908198941648509894,0.55021188857666492034)     (7.7018867536919302097,-4.2874403914615406563)      (5.3738178200253532424,1.9239520967407399699)
   (-4.1411825241868864822,-9.6325977927356891684)       (1.5485715818376268871,3.456525168561764616)     (2.3573802359542748164,-2.6136033304779680009)
   (-12.945624939519882801,-5.2880104725371124275)     (-7.2055508739528644213,10.530240570669189282)     (-2.517342720635337372,-4.9062359199764138395)
  (-1.5453461430428814261,-0.17182455700546164779)     (10.514442368375082282,-4.0725359669188501144)     (3.4867408395641761309,0.66743950389062955963)
    (-10.635750992619561472,5.3619794635566613294)      (9.0513910430841626464,8.8184480290737781161)    (-4.3720249581311962928,-9.7257193193748303628)
    (7.5261752603876637124,-8.4528437307664265887)      (-6.802480109057540858,14.810326358114421552)       (6.385539481846468135,5.1250750996589378161)
   (-5.5002140710391822509,-9.9229914136325536589)    (9.1542445889412551452,-0.52184296008798158883)     (5.2006479355567201139,-1.0958394567426303912)
      (5.698831808048089087,1.6135887890031550551)     (3.6763604219310264121,-1.5659282443982187605)    (-5.7735363203159213441,-5.3379724871012159682)
    (-1.9196351161059428403,10.881858531460933293)     (-6.3470461403110114418,5.2584076073167684839)      (8.2200364581895914995,5.1833000098943795564)
    (-10.264341960440740209,1.2226394641925777407)     (2.5069770494556409268,-11.453300693400137789)     (15.363013545190820963,0.72542102455875956402)
    (-12.903956592755132959,4.0485499628454029164)    (-0.37623694984598982094,-1.402286188586140403)  (-0.11452120322180857348,0.034381679325531884495)
    (1.8200044834879800515,-2.2926615977690132375)    (-0.1130061961529011394,-5.5946161707449899581)    (-2.8982144719488505125,0.84653866291354573637)
    (0.76299869745243775743,4.4872625550737508249)    (-7.9167082137305726519,-1.1350648815145141235)       (2.121802571107121782,9.1478589384490884839)
     (1.0334899221265632097,1.6859414909182013353)      (7.392679477580998082,-0.6240133807724482784)    (7.2364135029186815729,-0.96477553467506704798)
     (1.5714528791946769104,6.7814653107829423462)        (5.14469549217573352,-7.233806013716190364)     (1.6445357011980601403,-4.9354953654078093095)
    (-5.1694268321809273559,2.2877545110953105834)     (-3.0966727551341315383,2.2132488157282081964)      (1.6718141232304568611,3.1380947595605261924)
      (0.94424819869191578547,2.32201435352736274)      (5.7106923889716609821,4.4179775835559942365)    (-4.8600222596184714519,-5.3501470123063636919)
     (6.8854753364872962607,1.6430371624273150122)      (5.788599597255263518,-6.7738769997201826456)     (-6.205737815328397744,-5.5703510468585051285)
     (5.9808190825000426827,4.8159400948064412518)    (-2.4089356804037409532,-7.2495154612453251985)     (-8.4049109191845996492,8.7054196815173394697)
     (3.1730585454658477573,3.6430848557471655624)      (2.000678066454288917,-5.0469549875083661306)   (-2.4917721832434822637,-0.67204172832878861232)
    (-3.6358429429323555482,3.2364594620531117464)      (0.3487216646761290284,2.8088077226170717893)    (-4.4623821386250774879,-10.423744659509546651)
  (-0.65429411957005845224,-2.1007892536018051288)      (-9.465235584142183356,3.0852098904757592202)       (13.668063775975550556,2.273504213017420561)
    (0.99162536260351308304,-1.383690151033632354)    (-5.5230409001711411321,-2.3845327699066518612)     (5.3659476974889024348,-11.726171781545975392)
    (-9.8065462356177608427,2.7247779030872258943)       (4.4535199672842367136,3.094088464079164158)      (4.425841030794320119,-7.3388462619991319258)
   (-2.8755885323961294375,-1.7582756949906741539)     (-1.429557845946451744,-8.4728815335060492231)   (-4.1354709411563144172,-0.38389655754241752694)
    (1.6069539942621662298,-3.0170415059421511472)    (-19.893390230697942656,-8.5589397340030348715)    (-4.7918769271225398754,-1.7176904603702485286)
 (-10.319302578049796892,-0.024196200389691519678)     (-3.6236710387275667955,4.1868802821959612004)     (-4.1779733129938829705,3.3296506815172883798)
   (1.2497769227388058066,-0.90450814390460376746)       (4.3436047157024120224,4.647699257693869157)     (-3.5452135798055244287,6.7080817534805001756)
     (1.7806901345399983594,4.6324181633430372429)    (-9.6191337418367197643,-2.5486199155980364672)    (-4.2749447168208414283,-5.7061752163267183136)
     (2.2969599634102273455,3.2992370027499346996)    (-1.9052400002999552164,-4.2042194958053924481)      (-2.2852664222433545227,3.978725862952953829)
   (-1.1538039714694372506,0.78829601721300557315)      (0.1340960560234544241,1.8355760662000257799)     (-5.1456315202925031471,2.4026675498275271714)
   (-3.2359836884242683119,-5.2723933429865024181)     (2.0641034435220255716,0.15251446834801643537)    (-3.4972077454792480644,-2.4062859495837800594)
  (-0.049023558276422872504,3.2575526949234716589)      (1.6588665510952995685,2.8359439923490983304)    (-0.64671184687637450761,4.9534173317362046873)
   (-0.99140937552378505249,1.3448071944138277889)     (2.1964786099724049606,-3.9870212170991732314)    (0.65506256992862554878,-1.8786882765645189775)
   (0.20240186195523371393,0.40622057770308633851)    (-3.0204695165595150108,-3.1493928681951186554)    (7.7810734624097319667,-0.59202946560224711803)
  (0.037982655097463777216,0.97238118832128161984)      (3.0897899409689206784,5.7019193022921585978)      (7.9479319640376253631,2.1875792570960741479)
     (2.7971705735177021523,10.188701560902782006)     (5.3188174050036076679,0.26293969872179545622)     (2.2537697765839941333,-7.7397179652966494601)
     (8.0327292973217883088,4.6149359952451218803)    (7.6410152900330787773,-0.72922463225631606321)      (2.3234575018846452821,1.8432044613540843336)
   (-3.6608392359846093633,-11.945218582220720194)    (-3.1835424424229219476,-8.3685250662576660119)     (1.7752792464188107413,-5.3201923757093627643)
   (-3.7836519456010995199,-1.4526723379625054999)      (12.650613922526272148,2.2003026950211705959)    (-6.6161788435122623753,-7.5967230361390694071)
     (2.1069200201469584499,4.1870467578814256626)   (0.70893611510603538051,-0.10691607816181150636)      (7.1885031969347901182,5.8327723176654755477)
   (-0.58025173363322068987,2.7201115626766805278)    (-7.3214635732615596098,-2.8420941498647116497)      (3.5047947852099494703,8.0556489501446950641)
    (-7.1427951703842271769,7.4288365887329925741)    (-1.5459230566701833709,0.48853168909976163459)     (-1.7456701117935897738,2.7588998139824552069)
    (4.6793638801965604657,-5.7633865810150091136)    (-4.7992190309997075914,-6.3697541180987151677)     (-9.5905573280810649806,3.3388612048214252326)
  (-0.30254530339005780704,-6.1318869873500858603)    (0.67132849692293483645,-7.4903835230876048001)     (0.9693432684760571183,-7.9646952259485308545)
    (3.0452401463267433357,-4.5348070092584391588)      (1.1020275496742013566,2.8746968267002541708) (0.89010528713255931965,-0.0056317755233555042219)
  (-3.1461935220286698645,-0.42261546915510506128)   (-0.76816012758502028035,-4.7300338066921057134)     (2.3400190135475771314,-2.3104997225357419843)
    (0.25319886108337263941,1.1516552082995796802)    (-0.56884458389340530893,5.5041415541870968298)     (1.1704086370137263273,-5.5257822036325459081)
  (-0.33231200622443091142,-1.0214996448442614785)   (-0.083359176010885022157,0.4610578753122369644)    (1.6038339399621521775,-0.26999790530531647681)
   (-0.44365500193302398468,0.4494144796268361719)    (-0.3800539375320898805,0.60382644933242779484)    (2.2692709447320473792,-0.30292739015294428695)
    (2.4405173123516998857,-2.4814724680009230262)    (-2.1239918176503276293,-3.5714035751101778082)      (2.2347685438680655601,1.9914359719900036616)
     (3.0757250019351118908,3.1155813426508762731)     (1.6188849066488883999,0.60008173701964173663)      (-1.622989672475111611,5.0615739783113866679)
   (3.0832531334953139357,-0.56984288933715265824)     (1.3755333756782994747,-6.3688621805796099551)    (0.19112594063649926412,0.88748750867350822968)
   (-1.6034214768083892011,-4.3028483916842379386)       (2.8892853752562350778,-4.17192814795635325)    (-0.52069579627342044148,5.0071355925161133982)
    (0.58957283359228829234,2.3059255455012359626)      (4.277423598659663817,-1.6475566465048228082)    (0.19289494822865602131,-1.1202688704707772782)
     (-2.8573350409570714703,4.794647531402889129)     (3.4072339274737157844,-1.2922233146711594731)    (-0.20783650216919818954,3.7175875311841930504)
   (-1.3252073101030232838,-6.5248396411840978715)      (9.6899659604074415142,2.0906045467579503772)     (3.6324101481350936638,-5.9296297497178054314)
   (-0.48537475280019848345,1.4467505065915142737)      (3.5647387318863903438,1.0751326181397959925)     (0.73376425116145205241,4.8329013274571748227)
     (2.226708081536864281,-4.6388624638290130164)    (-2.1219710231161656999,0.38895313192109653988)     (-4.8186187968267342185,2.5543164835397123014)
    (-1.6856540483846913503,1.7377631073511330406)     (-3.213888234300571245,-3.9558429804379855454)     (-10.052965195282146382,2.2961642725490993833)
    (5.7251265396739530189,-2.9449788511292989135)     (-4.2438718675576234673,3.6596794847863201028)    (-0.80754357255230579948,1.2580639941314895047)
   (-1.6931500187372594546,-7.5082268770036808547)     (-2.8295661446494464464,-1.626033802191618971)     (-3.7815815934755985239,7.2351714276898935196)
     (-3.215841736834570419,4.6578263937701134267)      (3.5833836429889256436,4.3622677606342410428)       (7.2764233823222319586,3.607247891579457022)
    (4.9322039634762511184,-3.0331202434974295912)     (-1.9474013836547838796,1.4597608299103850271)       (-3.9592140244163633866,2.79377351413717534)
   (0.39209588244584847594,-1.7648528083105450293)     (2.4823236069971104101,0.23534913026973419692)     (-1.4651427026499677098,3.9953507840758710756)
    (-2.2182808708707328904,2.0687614376058953702)  (-3.9234625178434932025,-0.037986438346852467729)       (-3.469555912351340865,1.051007186891205647)
    (2.9601135594819898422,-2.3772986375875624354)    (-3.8604206986667621848,-2.0577924333571315785)    (-4.1080213971271479778,-2.1337844855923426834)
   (-4.6138825313511491188,0.10841532919597443585)    (-2.3606354885144638089,-1.1443258420576629675)    (-1.2081085265912745452,0.37700312733952984212)
   (-2.6474064988859971059,0.24333514199404537859)     (2.9910208063975680659,-1.2067136285710677868)    (-0.12861942084378530371,2.4110897774557193962)
     (3.9194949802184706478,3.6135205220470778542)    (-2.0894435702352605055,0.37963055911218485106)    (-5.2402658276837446039,-1.0468008850938266274)
      (4.5160131672213665865,5.573487726342341908)    (8.0693925228328033938,-0.62931407983137610529)      (-3.26231764812581293,-5.2632203882228907332)
    (2.0960990461261870266,-10.678048462971997168)   (-0.75320299273434843101,-4.6415654509176267339)        (3.6658683731672816464,4.17946089717277669)
    (1.6849742755497454372,-5.7348405248902505349)      (1.760390034379405888,-3.7569076319731333768)      (2.0109061564340047212,3.6468121497973515766)
   (0.50058314029046580007,0.84910063444000305477)    (0.012915615948064024937,1.6218755500696271366)     (6.0145568650847653913,0.31156377056376644008)
   (-2.2222782501940305799,-4.2899199191142782794)    (-7.7822755898233682004,-1.7051507249642678943)      (1.9117446665788919713,3.9004357890102943074)
    (-2.4421833412644011752,4.5490726312582436819)    (-2.6429995024233177148,-1.9158976997802006359)      (4.5071634200147618898,2.2297718173928577912)
     (4.1161899634661125447,2.9606451622824954129)      (-1.5384407867774843037,1.979174900361224898)     (-8.9635795172742689374,-7.717704348808892334)
    (4.1891369051187545836,-4.7405411579739444861)       (1.913405713215551085,4.7218044022753558053)      (2.6397128516784773566,2.2478719699988696235)
     (7.7095076969969600356,5.7629942357055776725)    (-1.0600769687799487251,-1.7008897243715104253)    (3.0534622904390675835,-0.93812359492890518009)
    (0.49478710240449103042,2.9726772461244785895)    (-3.6516001807833844417,-2.6551085359162756028)    (-3.3633049149683467149,0.68968254328676781295)
    (-3.7935362120752711412,3.5232929502062195759)    (-1.2063001249037812457,-1.6547277964023485719)      (-4.03653060315715706,-1.0101641354961010677)
    (-1.059116793158493719,0.72894842350851996038)     (-5.620267055053505878,-2.6556366044389303482)    (-2.6379764146529858237,-3.0465918273486125578)
   (-0.25320878443824285098,0.8253157354653288813)     (-2.6112290657186378873,2.2649090551222936796)      (5.2511289485908889674,0.0893740782994273536)
    (2.5742173088232758182,-2.6773073543009360264)    (0.97523681223044866861,-4.9363938292544515818)       (4.1161680632660955226,1.333435729811406345)
   (-4.6935322680437776555,-1.1179388110404646639)     (3.9170133673770681781,-6.4662621733670180291)      (1.1188620378442653003,1.6842315372957039621)
     (-1.4936704762172698935,5.564603521713988421)     (3.6228453056598080018,-4.0027575081035351445)   (-0.64961963751078344309,0.37647437777496423061)
  (-0.88624447853369958672,0.13975313582158610526)     (2.6045443304377400295,-2.2716437249622147831)    (-1.9227906813667010599,-3.0576525473917550713)
     (-4.1184653257346273136,0.867034757124832689)    (-1.6442757661936511226,0.44364850912282111084)     (-1.0569973275732333917,-6.007853540246394175)
  (-0.091693514258200325973,1.7272285301833474325)     (0.60603006513245860631,0.1243337000693041372)    (-0.36257107547769318323,-1.779502631303471416)
     (4.390745549011711546,-1.0461982139083230159)     (2.4223570737465158764,0.88666957563472781345)     (-2.0087848690711478383,2.5606210675285963063)
   (-1.0967383983659302338,-1.9349843651334011074)     (-0.1981518951550020613,3.5637959375238308368)    (-6.5045994702965570511,-2.7931104961254584751)
    (0.37150384837169775354,5.1558756730313515249)    (-2.4650586668291638581,-6.1728052548628769003)   (-0.81124676983036025923,0.86063735893997128645)
    (2.5680777244509633839,-4.0266287032574687998)     (1.8358666507999834572,-6.2125595162208329114)      (1.6325579479167142694,2.0487232375601456269)
     (3.0430708194847397863,1.5495751334788439024)    (3.7888810723408523629,-0.57880465323093144292)      (6.075908747245092556,-1.8322909806346017181)
  (-0.15523649466610503489,-1.0804450745076297213)     (-1.0863449235685975758,2.4244232920679218424)    (-3.5561948583282365632,0.21631437925502902675)
   (3.3496007919664672059,-0.36259719722957400867)     (6.9955447992407675528,-3.1302099283662978557)       (5.874934690371396151,3.2992831892402842975)
   (-1.713156773146679912,-0.26225269230022107969)   (-0.75507097393088484782,0.56421977620452401503)     (1.8642373899241369006,-3.5923830175835749223)
 (-0.84492204017329031185,-0.93446866516821880388)     (0.70334402261239292731,6.5798966447982785155)     (-2.3822800361440163996,1.7972731226678020366)
     (4.6268504212282541843,3.6549579653959498593)     (-1.0597888353551647711,1.7279162193534012282)     (1.6297701571652771779,-6.8699020056179760374)
   (-2.1685638402172040529,-1.6892044399577625935)     (-3.2847965653841257883,1.5868141568394649177)     (0.20658420731917576108,2.0031700613316800741)