# Superpotential Type
Custom
# Physical Box Size, Power, Coupling
16, 3,  0.3  0.3  0.3 0.03
# Nicolai Configuration Number
0
# Solution Configuration Number
2 / 8
# Sign of Determinant
1
# Norm of residue
1.17465e-15
# Configuration of a scalar field solution
 (-0.38040735655476021204,0.57813910111264676939)    (2.5456894176841013966,-2.1292789609664146688)    (3.506188332470306257,-0.66569819261264984167)
    (-3.618339988945282748,1.1718136416996729476)    (-1.0244913907217898519,2.0092775844068895275)    (-5.6785734201892203998,2.3573443916000460518)
    (0.89302223146484227545,3.413658909337350611)    (0.43689465317512371501,-3.935282998630850404)     (3.1691484620055803134,4.4660653524389237745)
   (-4.0980921979251476728,0.4345667126542218095)    (1.0155486576740699878,0.71147504968275976367)   (1.8472936381377846882,-0.50508375029874408302)
    (1.4479432129326090806,2.6194157279858152343)    (-4.7059803373829849349,3.3561239844457380066)    (-3.1957852221107354573,6.0152240026643681858)
    (6.2764248997624907389,4.0924117528238177499)    (-3.4350932777483023095,5.0331681005199104817)     (4.6169829556458026332,3.1580283042153416417)
   (3.4989665454474074835,-9.2030372548065315641)    (1.8911203194997427968,-2.8300051138737574163)   (-5.6202730788411727758,0.40440267622574210815)
   (4.4260804861258584708,-5.8564755554617864419)  (-0.13538952562784953293,0.51155701283001420165)  (-3.7906735586534723303,-0.30035120728565528614)
  (4.7121136745693057435,-0.31149607796138750748)    (1.5082256350669760447,-2.8195257590640392387)    (-4.2463300478773708946,1.8570322935412910681)
 (-0.25997662372480601078,0.96953786442251488342)     (1.8391722990475793953,3.5673117373930920415)  (0.15313572037339709397,-0.41211683612593591475)
  (1.2064579959888241945,-0.61045713152894265363)    (-1.7276266329101206409,2.5871057752531525509)     (-2.24613139561559505,-1.4955950995312659035)
    (3.5269063805828886338,5.8155854100952719676)      (2.1251399185621298038,3.107852188195606491) (-0.81766880152307885865,-0.78980072230233522301)
  (-1.0699165921452322703,-1.3246796655881996063)    (-2.4937048240857437875,4.8368382622707644103)  (-0.1955349718478003318,-0.52371510706804347279)
    (1.5336025998763447298,2.5884862550910350265)    (2.1027823720254263939,-2.4374686515897985295)   (1.8354844205154845493,-0.95973819388039116607)
  (-1.9311525444623536263,-4.7056723327663227963)   (-5.5407922427244891139,-3.7669600527849875782)   (-0.64344650675522319094,0.6393463981556647413)
   (3.2621442442598902467,-2.9913742270993184391)  (-3.4944106798610885534,0.089511411926226913671)   (0.20684773679222973053,-3.3432672865710078014)
    (3.3085577302756816742,2.0954754977688758721)   (-6.0545101796917695225,-5.2646128121749464768)      (-2.1313192522359605263,3.57900758661411178)
    (0.77078030923236418026,0.430635400127835688)     (6.9554947744433572865,3.4193941363535822475)   (-2.2172796697435122049,-3.5292624287219567236)
   (-3.091504392926294198,-4.7840291726738648492)    (4.0825181465775157719,-2.6529466540063246782)    (-0.37720060388038367805,5.067647873551717197)
     (4.407650723619455313,4.0037503654529142949)    (2.3620568158376236134,-2.2798996904049846357)    (3.2174833490950676129,-3.0404493889768597903)
   (0.40306940147108727412,7.2586814879795191757)    (-3.2743548667292170506,3.2079184569564507257)  (0.96483268770750041377,0.045450057931575020553)
  (-1.654786036330047283,-0.70963798343693207382)     (-2.2902120518945530137,3.975175698196904861)    (-2.2196171075380886073,1.4529506112612360358)
  (-0.6880243811702232426,-2.0374764840121635245)   (0.37129753015753086398,-4.0543026928497329919)    (-2.5150182691763975917,-0.721692980890278446)
  (0.79609286068240459056,-4.0267976996337573325)      (7.3212802835215553543,2.808259385890751858)   (-5.3144623705800206892,-2.1807602172540687668)
    (1.9408424253175986518,3.7088100089508313495)    (-3.1190306107244283318,7.9471544785014112122)    (-0.67253830021479166223,8.811915891992677885)
   (-1.9448874182284410228,2.7498036008781112649)     (3.8035046328316290953,8.7445368712017987889)  (-6.1409340009476052202,-0.30914283981635892751)
  (-4.5375508931754602315,-1.7982528865707478882)     (5.0541965271984743424,-1.442561400653128878)    (-4.039993438059819475,-1.5264030595005995128)
   (-0.30955647795351010076,2.615917006656417243)    (1.6825902027631334246,-4.0387906426738684473)    (6.9837426715687858092,-1.5413874698436624833)
  (0.38086301650216763948,-6.1698952684392480705)    (2.3121916664701904764,0.65014904888753899392)   (-1.9856235427999830989,-3.9283878989902225598)
    (3.0105736880238116449,1.6748271881260092808)    (-10.609258959966883396,1.4026239229382029272)    (1.1726378749846684268,0.57837561324200348345)
    (4.7456997131408673596,5.2225987725710574239)    (5.0269741010562754013,-5.9016410078643692927)    (-1.1086171821682291316,2.1350997927182286951)
   (2.5968496443119577499,-3.0668398880821294838)   (-6.4467819487393684952,-2.1367918760810900025)  (-2.5558961617718738424,-0.59390985592409417659)
  (-4.1990983984369814053,-3.2513628308219684193)   (-2.9883656681783956621,-0.6908475968135621148)   (-2.9569356966363340433,0.76574815833940146348)
    (-2.002308633564549023,-2.677993325423147386)    (1.0537695292296305194,0.72819564475400033743)   (0.59871950411931540437,-1.2634560894300896905)
    (1.8598506121175111261,6.9129162212801196219)  (-2.2836467276993919207,-0.77872909965685532807)     (2.3859889665940396952,1.7526808527877928423)
    (4.5215079822858772474,-3.861331521816885548)   (-4.6273416531053319645,-4.5513639201573763415)    (-3.0663820076876908693,3.2390893429612037657)
  (-5.1853743436466430694,-5.7327053182833722644)   (-5.3976791988504588815,-3.3676587284643617615)    (0.10132717941883344348,-2.896837917386080985)
    (4.2024767462983287913,2.7809120380742564649)   (-3.4417220998358044604,-2.9448567298276171478)    (-1.0375827610230732301,3.3285802838177867002)
   (6.042860555868198702,-0.25937654040138552469)    (-4.4692641134273021208,1.7027762130899846138)   (-2.6379644944285116637,-3.3839583949653548878)
  (-3.4005888779051578474,0.41465413647386517582)    (-2.0106252273340095016,8.0751202821660257314)     (6.0592540376896595333,2.7539868845607733405)
 (-0.86973933306453099501,0.58451253446619455545)     (0.17286583146154549384,5.021496579476787403)    (-5.2242904857765974924,3.4441332797429971002)
   (4.4503146021363262363,-2.3879468193412964894)     (3.2877961554598282845,10.205054499626804443)     (4.7682408268987055422,2.8667587545280071026)
    (1.0470122410934161739,11.196652441062434846)     (4.1495775711237019578,7.3795803530078227794)    (-3.5184258850172844824,4.1414958414117482022)
  (-1.0894472330152147332,0.73259307982207111376)    (0.61296671004030733876,2.1895947452536534961)   (-10.504741749899952907,-10.442174696552152469)
    (3.2150150687315601772,2.9626780158807415333)     (1.8827642553775232326,1.6942693271735402849)        (1.5231574419976599,1.0635639031773760355)
   (2.2809715234674201589,-4.2937606902536735731)     (2.8798063820376396116,6.3884259804300569385)   (-7.8046253663077411744,-3.3847731753822247747)
 (-0.99839898221635048348,0.71596753940570034835)     (3.784072389171150963,0.26142335880197242748)    (-5.5062034271375708272,1.1501732444223577989)
     (1.538316185907874889,4.0760815004897121838)    (-1.2193640649331605186,1.7868614552327117817)    (-3.9088138473946361096,1.1575037058807577939)
    (5.0830423590096609487,3.8868045401113322512)   (-3.8906204884433379654,0.50141662132553188602)      (4.505575152745800338,-1.590302284021167134)
     (1.1302085262202132832,6.030289215498480182)   (-5.6139230227894998393,-3.4762277068647273737)     (2.4089852294366909113,4.7775083754182396945)
  (-4.8798658462849484607,0.14725208243385717877)    (-2.0711982651212088591,4.9754222434375412476)   (-5.4623296956589477702,-1.6152299822582427691)
   (-1.4045321617199328923,5.7822287623587760308)   (0.76736945429010527953,0.95377464286433077945)     (1.0710198532460442067,1.3194260914015423225)
  (0.93099523277584739223,-2.9487414735799770682)    (-4.4848152444299742569,4.9424410509455460883)    (1.5894612406839097041,-1.8547412173832014126)
  (-1.5877208730341849652,0.63473172874159977663)     (1.5875755900148229571,3.7137196523108815249)   (-3.8083218382430059634,-2.8914042687432530698)
    (9.1886166985803345852,5.4651331529542179766)     (1.9436875957309052154,1.6929800294857513254)   (-2.5024742778069866134,-2.0034301465433350664)
  (0.79282853586381751843,-3.5799666570015999945)   (-4.9039457924075868789,-1.5955787249276391915)   (-2.8471441735718014954,-8.1919718696851582251)
  (-6.2136907858330685528,-4.4485574340851421482)    (-4.7195841439232175674,3.5370837295945314338)     (1.1479996716866147644,2.0447160138450426459)
   (-6.8266672801908772072,5.2995343725504140409)  (0.92965858821154789826,-0.33583462916351436434)    (-2.9811423981083255974,5.1287103014078514462)
   (8.4954872146623170437,-4.5557172269353642946)     (4.8270921255480594425,5.4722500159233851136)   (-1.7608141978885873957,-3.8025125584492753816)
   (7.4116650187336947653,0.78585756524212535545) (-0.044877309114254741729,0.70952456204856706456)    (-4.2745643598511309236,5.0496136346291864427)
   (10.096303906106340875,-9.2563789167992371887)    (-10.651249302474393943,1.7206798703316890098)    (3.2976591979088474282,-9.4353375170525008997)
   (1.6742281904371301149,-9.6084144801740603015)     (2.6574104622762022565,5.4478247845507361546)    (4.3746363486762183115,-2.9052573869370372783)
  (-2.7455905359768646434,-3.4837423495341024449)    (-10.596941461820364339,5.1269238022328256221)    (-3.7617993626448007483,1.0435909737010351517)
   (-4.0754352724696927268,2.8202651105746796567)   (-2.0238978680968200408,-4.9979288458226962533)   (1.4705565098211703656,-0.18625359251712730879)
 (-0.16843116016355280662,-4.9730241926059015611)    (-3.3300074688902281395,2.5618427653570519098)     (1.9897677167577612067,4.2917143770428172189)
   (1.0775686958145416217,-3.2301356819420048438)   (-0.67101215420373960807,1.5318767630058562901)    (0.84189326249947915581,1.1318709900452896822)
   (-1.6095525203209037901,3.4541928233645244894)   (-1.5640861870378051091,-1.7744646766169152041)    (-3.8781819135535680054,4.9628185104297779517)
   (-5.1691386381350117318,1.7510995302316822997)     (3.3505174952037632963,2.2209230524086773784)    (2.3168657357764250726,-3.7245885397969162867)
   (-1.7380822073424648799,1.8271902923689971043)   (-1.8512336154255013554,-1.9902541336579278042)  (-0.90469803801907533458,-2.3136498005865990812)
   (-2.5478303114225946402,2.7812081488453204159)    (1.3726336999016570672,-6.0076219350382356055)    (6.6321970785665920189,-2.4171492374467566933)
   (-3.7174144452844806175,3.5601701795761062641)     (-0.222029331137105157,4.5794236204475557983)    (2.5633640742921586231,0.63833443967208969294)
  (-3.8672170454550611751,-4.5818189195216509901)    (6.2689178238438048041,-1.5048287597449401254)    (9.4412016770292019885,-3.0193248699334152008)
    (-5.9439310757829781906,0.012698014172594526)     (9.198745822473552991,-3.5332325405176359112)    (-6.0894161969652245148,4.7306239074752394203)
   (-2.2413152064647832162,12.852326651187292228)   (-9.9589206975213357964,0.66644382177432892611)  (-10.970274453663654057,-0.65329814011397691065)
  (-0.74581845611090147319,1.2258710666862369099)     (14.93725185865940297,-2.3311090274307457726)    (-6.661439023612716781,-12.412510879089030169)
   (-1.7959659224908635089,8.8874018177311402411)     (10.33347184469822011,-2.3197377667746499341)     (1.1352875005214175808,3.5498062728329276005)
   (-7.6964471827598321951,3.1092929900574106661)   (-6.0094422655678556566,0.56662953975721974675)    (6.6710454656361095616,-4.4556377186686857428)
  (-1.4365013556879133727,0.53556869685209540499)    (4.7245794314659370627,-7.8534315921577295683)    (1.6945617858898400776,0.86822903328081391106)
    (7.7927003335333813183,1.9541195458691185127)       (-8.77956301977626552,2.886015561119059214)    (-14.004959501962746415,4.0048806499730265074)
  (-1.1890919358475633416,-4.9716578375140878521)      (3.082146663977569645,1.9689389876522422895)  (-0.24944576146638822167,-3.3956361725986230482)
    (2.9741193780525403412,8.6557413750959355525)     (1.1728647925961703802,5.0878910436100142078)    (-8.1949933526167839659,9.5601583114733905688)
   (8.7862551370841650566,-4.6572231608067751196)    (-3.8603823469044575845,6.1336550318121689784)     (6.0716115362876692529,1.9425920062683899037)
    (-2.659623161812171066,7.7788358421932617404)   (-5.5947155248898496893,0.41023200104933904564)    (-3.6224253855187624751,3.3476081798708312576)
  (-2.9953247462201102458,-3.6860361903993772437)    (-1.8712085075279119017,5.5807978988433317724)     (5.0841079108442350787,1.1299125719235241228)
  (2.9515964625240274088,-0.30388722153527675252)      (0.27597174802657947756,5.13753819063435202)    (0.44570427596067790921,1.7614375367328560795)
 (-0.26373086354748559446,-2.3245801329346087449)  (-0.53046210674937954721,-3.3805927474185146764)   (0.52465972361372281707,-2.8917448650511210495)
  (-3.5044607605839477316,-3.6114634914092751394)     (2.8527313122292414782,1.1707423113698711692)    (4.1670497690076446773,-4.2844554503856162597)
   (0.51474788141348026826,6.5118477440345268192)  (-8.6363957597894405183,-0.81962767779548928448)    (-5.9854396615039098251,1.7031220603627867938)
  (-8.0568103180619630166,0.31932890112054224119)    (3.9293772030915308235,-11.145830260447764815)    (11.130815869046443822,-4.1125078466277313893)
 (-0.96165762148151856525,-2.2740370285969664366)    (11.348226623886214171,-1.9657598211109295061)    (-5.9376981647235878015,4.2605042405534314653)
  (0.14571921339977333965,0.97955672448764197213)    (5.2128945276277880438,-4.4715945653258097892)     (7.8102808492141111429,9.2882877154802301334)
   (0.7178679456047887264,-8.6073871352932425083)    (-1.4508733752154674423,4.6951304561163862417)     (4.8190084455721526879,3.9909104832994306555)
   (-9.3556584239597917474,8.7186793534009279227)    (5.9318825209738523796,-8.5638821006740002417)     (2.3478727001547068376,8.3788259070428185993)
  (-5.0765069063536705229,-10.231194265730442439)    (4.9893639034125669696,-6.8892542253838584543)    (-3.7562513614023678166,2.9125932956758497916)
(-3.2397147294830053177,-0.028107907001821620663)     (10.815756338780877499,11.197554826716503484)     (1.2876291692940200484,14.010993024041171751)
    (1.0826529406686959955,2.3795107382792082262)    (4.8473472583136967273,-8.0364102381036151002)    (3.1747649400622313109,0.34563281709680732101)
     (4.4113291279622259822,13.83108366060112715)   (-2.8364629982937210606,-1.7907473715724897545)   (-3.5471213863897714802,-8.2715264555070007191)
   (4.0117404124022764123,0.14841995749069705757)     (5.2273935217213614024,10.276011602606439865)    (2.0207236703612632134,0.78082106639365234102)
  (-5.8907523605145453161,-1.5862217209518665317)     (2.8921085471971337277,1.7152525408056589207)   (-1.1692641656130928762,-7.2435871776430156288)
    (4.7270369321417176067,7.1523051624593243503)   (-3.4101975870941840796,-3.8220265378770243991)     (-2.4083345143272674171,2.076710742757964745)
  (-2.6841083308818363129,-3.3631837820863514921)     (2.7426660117704169117,2.5302597985190833363)    (-6.8385408571614645368,3.1127694840355939476)
    (5.8348851786186912705,3.7158536659380989597)     (7.2680819416727100446,0.3820840105579820789)    (1.2055300073846417774,0.55140884238608045553)
 (-0.71800444673442287424,-1.5091907576409562264)    (-8.6132346231040202156,2.1597821673420312116)    (-5.8322425585472874587,3.1764419874165294999)
   (-1.4870969072674042888,2.0093928086836552183) (-0.80908130348678519717,0.013024780581300526502)     (8.1512423139619976098,4.4794694891011568316)
 (-3.7289948162122583675,-0.53078565022564117015)    (-1.1547128215510815696,-2.689302084325418285)   (-0.89632563657914365862,2.2427415519786220166)
   (-5.0656031464785069574,4.8701095245080558982)  (-0.61354002874832669345,-14.960783912830866171)    (4.5661474475113807969,-1.2686239803152454808)
 (5.2618878580167107728,0.0060910714016349830693)    (4.2609974203734104492,-1.1590648046663412085)   (-3.8186483158009059125,-1.0582712474154933879)
    (-2.8891573796547764807,20.73837869158238334)   (-6.0186738947463815919,-4.7801834170275734337)   (1.4282404724725457079,-0.88213960168058958011)
    (8.0027541420330834399,11.933969169681658329)    (8.7046424760994085545,-3.8222977244753075787)     (19.514458854565717161,-11.63342690415798053)
  (-14.403885472403429091,-19.274085973921007309)    (5.7133325097592084774,-32.275294631025779779)     (14.684735593401907039,11.883995035857026323)
    (14.587011267322077757,20.756947799698846069)   (-3.4475341156239909246,-11.302660680381379166)   (-15.407792024064026037,-5.5539188145147155851)
  (-5.1073926530776923016,-15.035620916361345678)   (-5.7864419962811988185,-7.5894326760624943873)     (11.716155191368015309,14.511420505293187944)
 (-19.415655025330131878,-0.96843242544997587551)      (6.6956378887482630446,2.257165394258239921)    (-14.834374867574004142,18.109125382923426884)
  (-3.9261979331897083334,0.85961900762153964362)     (-3.6713883679887922007,1.684364531383468977)   (-2.9584022153889919515,0.68709523632275892879)
   (2.2656929419936866488,-5.5510826223899121246)   (-0.18929767052577006758,1.7924111789202297196)    (-1.0441483984403097107,4.8669181743196645584)
    (8.6042261223943619086,1.7141174003079318044)   (-1.1841818347652377508,0.17600474145377906221)     (4.5200688928173500258,2.3995755327294245873)
  (0.47226122577533508062,-8.7542197386204652076)    (6.9379829611680552404,-3.9579566192106563349)  (-3.7643951626604459371,-0.70465726173191456372)
     (7.8796753969981594423,3.791811024653262141)  (-0.41380209182684202229,-4.6020730568727996612)     (6.1162616698324194786,2.4048457924155166587)
  (-1.9576526586118134787,0.31559817108424531584)   (0.28573499877429359151,-7.6147705779836973861)    (4.7579382614092393666,-3.2874960460494682124)
    (0.41648564631440387895,7.841461541008885483) (0.53672617323395221955,-0.027655883744329080171)     (0.891998998449247682,-1.1740111328729443407)
  (3.8467169655610824464,-0.39724617697794173399)    (11.594703803882797644,-1.1773979064830664143)    (1.5838721243623810064,-2.1200012062539359547)
    (0.9689004561897111012,3.9222009930563332958)   (8.4273710418380183285,-0.99797533785958336683)      (2.045308906767489443,4.7827290370978579048)
   (-9.5638282068290791926,1.4100606658427405904)    (-2.5324889128116576664,7.9427125355681118535)     (5.2835374929834477697,5.8426782964032817347)
   (-1.2239185482050414233,1.5599203395397502891)     (1.3659720746939061353,3.6068123928949393786)    (-1.7820920210331772093,5.8513621019766803855)
    (2.3834374385916934358,14.467171713885536022)   (-10.777017622020082399,0.37144542735743468764)   (-13.594130751424287951,-4.3028365148771641202)
   (19.897024054841981666,-4.0451955818282954169)     (-32.41696767572504001,5.1885533768775999874)     (-17.895644910177587406,3.476278725665687297)
   (4.6181866409131586693,-19.862411751625955958)     (8.3916583292352484591,11.025069437479986689)      (8.8887118129988884618,12.58786185460037288)
  (-28.201117057899679708,-6.9810860265214733644)     (13.252867703988522763,-13.99338573957961529)    (26.220090350359104292,-15.374751809110930978)
  (-33.939250367548844167,-11.712254523601366429)   (-8.1097208415563848405,-27.308819394940101688)     (22.174306523450823647,2.0272213464896990942)
     (9.471186751010542082,-12.87019755735733284)    (-17.527581690846634643,5.9341484852939521133)    (-3.9624218328425424573,10.385102402067920124)
   (11.832615896043680692,-1.8353132080523375524)   (-11.506813089565680386,-1.1961044800674818234)     (7.5902996418981381055,1.7515946671532049983)
   (0.63018652735270086485,1.6360283977965748292)    (-8.2019948868430567757,5.1886739611744578937)    (7.1515540237298083071,-3.3489095579973202632)
   (3.9441845125277463779,-11.528590185613042607)    (-3.3949818514572243089,10.395795287837861665)    (11.765926669676034066,-2.7447037547017596459)
    (6.0406718931073370982,1.5237860861464016526)    (-10.607396919658892642,2.4607361254360191616)   (-5.4574604931861312451,-6.3930563507705411297)
   (3.292609413572553656,-0.67053287411634587833)   (4.6395508044540676451,-0.47104048595643271957)   (-2.6247873884621575336,-4.5469667248961753714)
(-1.3904171995332574863,-0.084031714894946540895)   (-5.5536505143780532379,-1.9165893069547375038)   (0.22827180503736071993,0.46422063307770311535)
(-0.79797914148553006353,-0.12635099377854455693)    (0.72971387190039982418,3.9648435923686338178)    (5.2285828058356997872,-1.8196355673805986175)
    (3.7233570579070738304,-1.989015075383105513)   (-2.6345574753982470284,-4.4412242362969518439)   (-1.7048657805492257733,0.37316982276555332732)
   (1.0758464090610442287,-6.0685965326860520364)   (-1.8823708158497645115,-2.8099148733934562472)     (4.8711793781342516141,4.2282224225029878539)
     (2.2936256294669563616,6.821495428602630362)     (8.449582100261672224,-3.0860300895809862354)    (7.8795846819376418324,0.71795512630520041952)
   (-3.2419089047515523561,3.0684172217640730551)    (-7.8776242744634714654,6.3132641696781535146)    (4.6839038819626264143,-8.7972334334142434642)
    (11.919972196292958344,20.039403023192612352)    (10.401343351908455048,-10.373843510767738252)   (-14.365265201696360009,-1.3932780244015967597)
    (0.44075564625968105537,1.342544502683831853)    (-6.6248310998445898434,9.2364730283949665335)     (2.5928775783069037963,11.038869010199892529)
   (37.189398981903195818,-17.090560492132237158)     (34.382697829832061132,26.403626945579379282)    (36.515037820612242569,-8.1850863907348649917)
  (-86.065196847887477816,-55.817091643419090019)    (1.6974913957844881551,-136.83373680341853174)     (61.46995810688100903,-87.471305952750654455)
    (2.2945602773137232511,10.315144776448571307)      (23.30461200202695693,5.2326118492979096786)     (34.811694403778936646,28.511857062220130388)
   (9.0104861000674247862,-12.355823857753282624)   (17.262016385943923069,-0.33046411951407933527)     (19.145974172499997223,14.396376215211990512)
    (4.6888555099459781061,13.496767107438955691)    (-2.5115104121480604782,8.0278509460313376422)    (-6.1038288182534063964,3.1809717889966111493)
  (-1.4104489292662893973,-8.7770271607771359612)   (-4.6218900417187267493,-10.122015872959121197)    (-8.0280447126207352682,3.9956999104386690114)
    (2.1181345529109432135,10.019850234266408862)    (4.5900858008828855361,-11.889222379152576181)   (-7.7457134188231000493,-1.1345523974589124538)
(0.75126188625009870936,-0.058633555364593595294)   (-0.56111689400105746461,3.7003045608158635638)     (3.8898292981542810232,8.3926308824353306193)
   (0.03852243350515274084,-1.982690047362139385)    (-1.2324771175724040795,3.2270493867422191947)      (6.6380841294832038102,2.879116049476063921)
    (2.454485394596875647,-2.5217413107223718427)     (1.3678712259925505101,1.1482035754906485536)   (-1.2051159510138540476,0.34364011554150036831)
    (1.0317580142595006443,3.2956844360461725607)     (-2.555943612886144134,5.2004352945325740265)    (-3.4677039985354296547,4.6441440598657770522)
  (-2.3290798955970251072,-4.7284164869555773691)    (0.56823093304726068897,6.2092582364022179675)    (-4.092849668190519985,-5.3407933801908358262)
   (-3.8584839570578450818,3.5155267186637786381)    (4.4732376714540800222,-4.5025314839227936758)    (-2.3864442912183858603,5.9516334984942851349)
  (-0.5789373526388246205,-11.050093904063002626)     (4.3080733503139141405,10.994467854726485356)    (-0.7078507728238908614,11.453124249222668141)
   (-6.7555425334168734963,-12.00862127518957756)  (-2.8768477050268916884,-0.59041402375372209477)     (14.435475868201466554,5.7612673407298347072)
   (-5.5813675982795194486,6.4241017534851208026)    (-2.4205949242051296721,10.964812358047163698)   (-2.7299466798670053436,0.13120707270968001712)
  (-20.727430564654262923,-16.809074744264819401)    (1.0525364179588065916,-2.3009018924523894079)     (-28.96874967871669071,14.904857388354020742)
  (-55.535486484393885576,-4.1441100990309074348)    (-17.350935703448620018,6.0941507898448632474)   (-13.570606059086275152,-7.4150565689969338834)
   (-30.428520344760155325,25.528849814596409118)    (-9.995538543505583462,-33.808504930359077889)    (0.22048966972133490771,-3.671285503650595583)
    (30.170677070094935601,12.181603714819129181)        (50.93802011482421932,8.78337896691203035)    (-4.3640448343621862648,32.874765913023473729)
   (-3.7250023274579260324,2.3178379799776354098)   (-4.4470485014547866953,-4.9796464277937362297)   (-4.6387091879316511012,-23.914629097502402288)
  (-25.207713036945012419,-6.3350550839093582312)    (-8.2821637392668421285,10.576054541901033446)    (-2.4816355534385499126,3.0067552948549733927)
   (-7.7909119458586726381,1.0990574283460710081)   (-7.6725947400029888001,-4.0178852489263654491)    (-2.9397548798183548158,-5.976744025029416818)
   (-1.603645456179606521,-8.8241938880183585781)    (6.8667938618114137128,-3.0542165316372695827)    (8.8645815581530129634,-1.3163107798054116682)
  (4.9755149026728666684,-0.28216092701599748693)    (8.6928284518180198859,-2.1472960525729649639)    (10.021015771650699122,0.59932198482982779186)
   (-3.8059320480410354648,3.6344792877193614622)    (-3.8774725409658303832,2.5123615555588854065)   (-4.7070646794992230255,-5.4230519123822116256)
  (0.38357812210551639476,0.51214995199261703629)    (-3.0840673797002255974,6.0779334176367658671)     (9.1491610789100832335,2.3235066926857741443)
 (0.032754850604974468375,0.24178864536986552358)    (5.6427540997503626841,-4.1594252484161726713)   (0.55458078544797795306,0.63485628113797987204)
    (6.2850547117619504078,1.4001178149549586838)     (4.9098346923503299877,5.0761595567622226355)   (-1.5932043510788558294,-1.0161057722151736193)
  (1.0390793439504304452,-0.91850404409305830278)    (1.0983563979854513715,-4.0025384371583916376)    (-2.2554635873325366013,-3.914446274460864128)
   (-7.7547745849845739485,2.6146108654335611376)    (-0.8835393987943757077,2.8684619204330861209)     (7.2493492389575004964,1.6971383772305466131)
  (-0.34982006138010757201,1.9065484278904440973)  (-0.54823514745371404455,-10.332178646559762925)    (-1.1054862561210165861,6.3376680355509753539)
   (-3.8247513642646548959,7.4949195046080347993)   (-4.9281045222537125383,-2.1475159917144091004)      (16.8260788369141423,-3.0111966998474026802)
     (5.790783329426732351,-9.384008705754688151)     (-11.07847329995985497,1.4918874020739887332)   (-8.5265606258014017271,0.43197297566506687172)
   (-1.9798939240201813838,17.096520977363667271)      (34.76966803979151166,7.1403027408419381672)     (20.547055790886666671,11.472397003519381187)
  (-6.2817519228484419713,-10.430530004530364607)   (-2.6767214697655186129,-5.6528063657024585353)   (-14.184417546720178294,-5.7670358495592317638)
   (6.9190515606310514229,-12.602957600983874187)   (-9.4012373956679464726,-11.114560360256275473)      (7.1483040235575128207,11.00389440624090831)
  (0.53788187972657230951,-9.1066766132495171604)     (13.699653866565315141,17.564234713161454238)    (6.8116614381353155494,-1.4811815172095070814)
   (4.1542640213172434827,-1.2302119899022343485)    (9.4229000234084274723,-2.5104872299570999417)   (-4.4846227766519408675,-6.9851844138873726564)
    (1.8227999974826607499,2.5844069310783455151)     (4.3510608717073928631,-3.176754404489912087)    (-5.8938970828026313598,10.497318106317827358)
    (2.975395696222384867,-5.4312773308913016024)     (3.3602771039943979403,5.3049969741331475248)   (-5.9527176528497163233,-11.874979792335018658)
  (-0.39130541926231449112,4.0093338678336740699)       (1.3119337572378237944,1.54311852173724251)   (0.025141813797468784419,3.2292636905223779387)
  (0.64054615993347574499,-6.1906153325344632776)     (3.4655338900841581307,-4.614866575137503979)    (-1.0862555019133361967,-6.080017041674774525)
   (-3.0433067369218669285,1.0067236117935782769)      (2.6118787878538975988,1.990206925149315742)    (-2.8881968286483075126,2.3778443324894413813)
  (-2.7893221559604883808,0.84346455665025821258)  (-2.9153332893787675673,-0.54106831691335088852)    (2.2840612145747001271,-5.1509904825519461369)
   (3.8063133883306745631,-1.5137622266455910136)    (-1.212502826015633195,-4.6272154307391772932)   (9.0324178703492776776,-0.42167048867135542567)
  (-2.1073492520213692458,-1.0943577981914847097)    (8.2519948002226790607,-3.4249467231075705342)     (4.4784052100721467582,2.3489446448595541206)
  (-4.6489887945875594255,-9.3853489528743612169)     (1.7849440815463515353,3.8376858068651262812)    (3.3251651907364867533,-2.5266710541830330605)
  (-11.349488956681929253,-5.3609860625518948041)    (-10.184950820325612497,7.2873451405311415741)    (-3.668243675916595059,-5.6204022312642720749)
   (1.6316808646318543552,-3.3440971983808651657)    (10.882010471702876941,-3.8399696982597908423)     (5.6409436958331022893,1.7096160725126479107)
    (-9.0533418165752674867,2.138141722635461317)     (12.485873261501774678,11.374005106993454461)    (-5.619813451811006999,-8.3047590164254181389)
   (2.3399480940861270284,-12.154151806313816309)     (-1.474458085535537144,10.870481890466376029)     (3.4461371314899982288,1.6000102235068478507)
  (-9.4321603022813267359,-6.6927678137167321282)     (11.735167885291451384,8.5408751792281876192)    (3.2360487092856784486,0.13328270764694619133)
   (11.377935141867858704,-6.4449592617450504051)      (7.6600288192479446536,3.574168841011034381)   (-5.9451438083266321399,-11.017954356777655889)
   (-5.7355181364687970458,11.982791965498831743)    (-6.5221765476406892148,5.2077536784549867122)     (9.8706600994708200147,5.7346409456289633155)
    (-9.894424682121501391,2.9707154374855555545)    (1.3347925551370198871,-10.065771509176622445)   (16.793475045228635878,-0.15156067669544978638)
     (-11.7309361499285707,3.0766651611556583568)     (2.9459053405713375717,2.3067601053060018401)    (-1.259174934117454292,-1.3870435830862148929)
   (2.9544441406627819369,-3.3182195657776607511)   (-2.9926923287665916362,-2.5346160426089507922)   (-0.89326523584951333934,2.5775306585904251833)
    (1.7779044026838604076,4.8747505012804541735)   (-9.8971344516264352364,-2.9731495863693790938)     (1.6864381858426369387,8.1423141165092722815)
    (1.0903126967088994093,1.1953300593955098474)   (7.4009905418458039605,-0.22362626304632537977)    (7.6596260429136471259,-0.1906337436218608905)
    (1.3048109418641462565,6.6781388251508229104)    (4.8125976309641451678,-7.7264494952237496861)    (1.1028193190927784162,-4.5705498047770252157)
   (-5.0705154541895183229,2.4740894972577667232)     (-3.7967418424230494622,1.386661083450733134)     (1.3221190959780229068,3.2477383398498660405)
  (0.093570561424816733886,2.3989582808769229771)      (5.2015894377945768312,4.368714101093241986)   (-4.8105046360993997112,-5.9307108282529084065)
   (6.7998683017790098049,0.61764526022214982781)    (5.6700778971519882887,-5.6490184696362781835)   (-7.0517039782447508145,-4.8679775374408675859)
    (7.3005739674770593339,5.9136044730182826257)   (-4.1133924469909048938,-7.4250115341501334854)    (-7.7717318724837518573,7.8543629576677966853)
    (3.5676353184664151286,2.3297216899996660011)    (1.1414367286637279175,-6.2673174672387537143)   (-4.6587902430966572354,0.14921161322506751312)
   (-4.1461226144345388889,3.8533493403197884852)    (1.8481499760182347192,0.99445503609933016964)   (-2.1668926921286884024,-10.760142279399392606)
 (-0.14356381054171904466,-1.2630672229639317017)     (-12.537357720375659653,3.889504175376896189)     (10.753102975285932175,4.9541240534323227607)
 (0.45432183665102615633,-0.79304236996552801564)    (-3.7404356470762265552,1.0744544765555583687)    (4.7148803012615250196,-14.065898763894903567)
   (-11.741687585283770545,1.8331920498471332426)      (2.440904924382514718,2.6253972128263907138)    (6.6907188451734134205,-6.6774191189359317633)
  (0.32906615290332319468,-1.7356751620309338602)    (0.26086153177593224273,-5.421098783893202544)    (-3.3132085872964780471,-2.432039708907403508)
   (1.6365469083451629206,-3.8137516922467424862)   (-17.279478643738709565,-3.4386695953821839744)    (-5.2996946138213063549,3.5281736097705604926)
 (-7.5078610081534176146,-0.26945714105775359082)    (-5.7931165561617712356,1.0667509196966920015)    (-7.7724313239745823623,2.7835002699377429103)
   (1.9264382749546542506,-3.2916607151425480993)     (5.3933180208963049651,7.8177107410211181815)    (-4.9511099989565083845,4.6930794437104665917)
   (0.83840111902202074656,3.9096905915205590887)  (-9.7932032057972708827,0.044049746578134596486)   (-2.8270600805370276198,-4.8355835411065974938)
    (2.6191374412986752063,3.8667009390410003178)    (-1.841979192096982576,-4.9850551578932602581)    (-1.8795918006739535944,3.3309747661734743218)
 (-0.17657812273140507942,0.64939103443896117884)   (-0.91327168521835189186,2.2091310770860292934)    (-4.1359996615495262517,3.6059714728730694056)
  (-3.1075451387814219117,-5.5541416671141767836)   (1.5650855191789969645,0.057904421551847690131)    (-4.0367786932107661002,-2.362471849413469549)
  (-0.90434454069990899416,3.0141848727417457354)     (1.6370553888087602257,1.9711627188563400903)   (0.089231197271789630676,4.7988486673910504265)
   (-1.2181796447279189533,0.9139873307328703067)    (1.9577236606568866328,-3.5038618357199076137)  (-0.28614676180248083126,-1.1110863502847747597)
  (0.65442577232367504791,0.53641966860977174925)   (-3.1714526491358521199,-3.3733574175299101405)   (7.3297240159517853542,-0.91275429249653738939)
   (-0.57255479768686534658,1.832703838742345992)     (2.4236881613758778364,5.7613163314920230462)      (7.5900417960404560347,2.098280509842748387)
    (3.0726986463277645711,9.8225880403948497843)     (5.4538079446308804776,1.2312846999029853912)    (2.2528669958790721317,-7.8573541139833711355)
    (7.0282974921028324999,5.2804719188010453834)   (3.9959543389754239584,-0.39370205069357061545)     (2.4082464643332048837,2.6477877055863983102)
  (-5.3457698364020380666,-8.7238594715854027584)   (-2.3980956934684649617,-9.5332303125664346055)    (2.5363214692222473268,-5.9383900575843009406)
   (-3.0750313891243656883,2.3952062529934576851)     (8.9181155010699217911,1.5104665006578976705)   (-3.7708604885516492367,-6.2650148382722408158)
    (3.9080042550799505285,5.5700813537595772473)  (-0.67247423835006414627,0.30483668065404456726)     (5.4668702050781563528,6.7001058541951543646)
  (-0.72877876094108162697,5.2013527647104060847)   (-5.2030359784711386339,-4.6990271571832380459)     (3.0782280428842012654,8.7831568330185891824)
   (-6.8913022027460213437,5.4537522821912025606)    (-2.0852248445633998486,1.7533198346790532796)    (-3.3922769369676255558,2.0076736435473692133)
   (3.3443669420680235405,-7.1296883597601015126)      (-6.7068885246189848814,-7.1946489444464925)    (-8.7332668274669433828,1.9330291524446918672)
 (-0.89986287966940237126,-5.7874486164684855183)  (-0.62500687942269317343,-8.0283846932716684819)   (0.95228575324985531569,-6.3566642547375469263)
   (3.6492809174737361744,-2.6149573594378479058)     (1.5403435111328538376,3.6554156286691639188)   (0.62520320619847380428,0.87928600879736729112)
 (-3.4688679780346811654,-0.77515239925419454625)  (-0.53281274216827123613,-4.6606078876632839325)    (1.7336495058997374308,-2.5949766825160960337)
  (-0.39667575263169496669,1.0897285374267176028)   (-0.32050683327199414041,4.8149530330901164632)    (1.1919930578928152887,-5.2512594897192732546)
  (0.43010462288551359888,-0.6769136317142320225) (0.0054708654252849540575,0.46462337671533826544)    (1.8994685443598613439,-0.7553761459287819946)
  (-1.1664294307443001664,0.31555063561989277199)   (-1.0344915130201000064,0.24115982529148369262)     (2.453314869612623017,0.53179449427773495263)
   (2.7912848522491229275,-3.1700819390649472851)     (-2.0270527415485828371,-2.51614719711980106)       (1.2041893807081920365,1.70977045561467067)
    (3.6814595719349112457,2.9658012160020024162)   (0.80703520764934100207,0.99053765155157091904)    (-1.1412346265609663032,4.3940679768547630246)
   (3.665114976442574779,-0.63453754369384884892)   (0.82116069680285463939,-6.3259291760116234116)   (0.075368587666143974091,1.4749121343790623229)
   (-1.007894926476955888,-4.5128617616756363518)     (2.8385358671264353525,-4.375963966374610159)    (-0.6715201757807652827,5.5708993043074581664)
   (0.49615588837338719941,3.3769324677022924952)    (4.4819027316289172802,-3.8756113993621790215)   (0.18159547551186680514,0.20421341682228832948)
   (-2.1380062714610397201,4.2302275644324520698)    (2.6470820937937782347,-2.6186648746646747909)     (0.57826427791370194065,2.792708430499901251)
    (-1.10001308175147261,-6.9068600726483166952)     (9.2529515856455706313,1.0111835965771265311)    (4.1883032231026957604,-2.5986418370803523459)
    (1.5095297660837305731,0.4207250498454948584)    (4.064782658274540772,-0.97673681594674699458)     (-1.288183184129015002,4.7455430899049630966)
    (1.6440970657225049134,-3.659341309892548022)   (-1.3946816460402287063,-2.4901412583800111022)    (-4.5351102031436587581,1.7065521918736465956)
   (-1.1423244212123795371,2.1049449071808901124)   (-2.1236218289363950618,-5.3267439383498196293)     (-11.280534772030408774,1.704249016599536537)
   (5.9485081814123397237,-4.0138624812702614619)    (-4.3460772512792980038,1.9308936994647514229)   (0.70327486243219450301,0.65153242282821688391)
  (-2.5873104094555054999,-7.1314790663014022698)   (-3.7304986711575813807,-2.9294884106861891482)    (-4.1816831487209702445,8.1281152863892458527)
   (-3.1099501929412980417,5.9706921528436183166)     (3.1994543286737360255,4.5636126365449642961)     (7.2377357173799827805,3.0693829336869717928)
    (4.6489783447282615469,-3.818822271318917938)    (-2.8842778386299601223,1.1892389504164020408)    (-4.1016984849837871963,3.3871641847510596257)
 (-0.48303993687508167687,-1.3336494445996280866)  (1.6574172722399886926,-0.084881069153931884563)     (-1.9946106962265344187,3.478925741057364629)
   (-1.5216064089968044382,2.7278796947467673917)  (-4.2982619975490594655,-0.20168383644975768076)   (-3.0360407797444239897,0.79561863260098975026)
   (2.5913167702283748106,-2.1599942990255494024)   (-3.7816603887728037492,-1.9181333365107684497)   (-3.7963354369400210686,-2.0933963129827399818)
  (-5.2886615624229866839,0.65758194107541279028)   (-2.2340669416101337497,-1.1071932514443099116)   (-1.3584743152448313097,0.56284005767549916133)
    (-2.528495968201910582,1.0675944186454735529)       (1.94759025784779638,-0.256090013585823284)   (-0.11189020534990531952,3.0041275300856558061)
     (5.042833246529901281,3.1250512037582516278)  (-0.46303315794297039698,0.76080247854057014845)   (-5.9705204056929135348,-1.0450693596438103139)
    (5.0480099588476123884,5.4314136916737849603)   (5.9883313386182175364,-0.56785839539425064793)   (-3.1310834491475896257,-5.8893177001157939188)
   (1.5376441882682703177,-10.051520447712729123)  (-0.12315799454755491094,-5.0335039303731115012)     (3.9735482233499008764,4.9002806878707838578)
   (2.1697293454856767525,-6.1843374141903399988)    (1.9265898468003748167,-3.6515124588869722899)      (3.1861328863762961028,2.878292726421743275)
 (-0.38994205591589586879,0.54778632371931834655)      (1.091710007840936747,2.0261830101949556138)      (5.879195877323613928,1.7240448022675582962)
  (-1.9901328987262265624,-4.5997152693257694622)   (-6.8432414168960011835,-4.0458200610415042675)    (0.79263922304252443229,4.5635310580515433543)
   (-2.3246214370116224934,4.4519106345474561692)    (-3.1684538264505519578,-5.174132601549681354)     (4.2040424146422932239,1.1499761610058030215)
    (3.0478938547185796537,3.6238045915376040362)    (0.77872027460502835083,1.1159028110585038629)   (-9.8090752720478384674,-7.2784615394882115069)
   (3.8895613926090151224,-4.8274299199311103692)     (1.7217381786241088282,5.3704332955941547212)     (2.5340647187406388774,2.3306432182204992465)
    (7.4825609010033016233,6.0007376855016074657)   (-1.3190433471676579202,-2.3999010159607889747)    (2.4687825148226050231,-1.2161096631134975521)
    (1.6794052060735082943,3.8389153301760248205)   (-3.6299989640283256698,-3.7041169268602271991) (-3.0692970719239496269,-0.014892178344613545005)
   (-2.7763723319040960469,3.8636579354451887625)   (-1.2714528261102724382,-1.3519666720686125405)  (-3.7975331066567266092,-0.33759453604592226661)
 (-1.7201081787935750267,-0.11770172141864027049)   (-5.5234573796953752023,-2.2662593811147986322)   (-2.7253126574013735173,-3.7130693062413882011)
   (-0.2364956665112150358,1.1734839502061655825)    (-1.6407589482771891554,2.8269214664717230434)    (5.2179574382615250272,0.47466852268491221967)
   (3.1313856376448025998,-2.7244022013483371047)     (0.85882233787134487635,-3.81114160335282115)     (3.7060078077560620891,1.4663695596237102947)
 (-4.6497905510062933487,-0.73413734275338327073)    (3.7766891801131321493,-6.1704167633086566269)     (1.4384205020913098938,1.6343972808842790467)
   (-2.0815630650816108194,6.2069357883052544977)    (3.1167490083126261347,-2.7685708658346248612)  (-0.75366548604763949903,0.47298025007530647423)
(-0.36027738062983366563,-0.11122811654290448713)     (3.1677212051743630639,-1.705717885601081063)   (-1.7879315526184209606,-3.2793682276451519009)
  (-4.3479644555517458215,0.70020114588276727297)   (-2.6185021942220991775,0.51978854336645585743)  (-0.67840712365624278313,-6.0608511757291001487)
    (0.5901970451155827968,1.4760773585617301684)  (0.52187226678912834732,-0.67615534895808970806)  (-0.20317462327896820828,-1.5580905257532886576)
  (4.6152337007249562006,-0.54821977634569429849)     (2.2686580706934114104,0.5180950042151090118)     (-2.056452498896925718,2.8158885521567413868)
   (-1.0670924851192569172,-2.175994080201641534)    (0.27627015505285162922,2.8425278432856648791)   (-6.7141510899228071807,-2.4860179340910208978)
    (0.48333562882971708996,6.019022844444760878)    (-2.3897571201568235111,-5.884881087799802124)   (-1.3222240978609203221,0.93966062531804384061)
   (1.8994196608237916557,-3.1625845507971317438)    (2.1731383393797005787,-7.0181072069349808018)     (1.5231171368741158734,2.4652791049962021752)
    (1.9884796774983370948,2.6109315560208457008)   (4.5402448985353212052,0.084276958663328238597)    (4.8407029116456765649,-1.3635515755259288717)
 (0.70855239525988689131,-0.18039621880091064043)   (-0.82687953288437110455,1.8784888759685600679)  (-3.0097853778896634935,-0.44952569465613773092)
  (3.7158243704581850331,-0.55468281243538442027)     (6.455133174519100514,-4.4344894556181024825)      (5.401412685406222991,2.7308323447878000145)
 (-1.7116834156850533333,-0.70584108547679036416)  (-0.37402686016687491932,0.27118210669143566482)     (2.036451895026349046,-3.7418741988157329104)
 (-0.1902888863897765348,-0.77728924776580576861)    (0.64775223232734879808,7.1802234173358803204)     (-2.039753787527965212,1.6181612515256551532)
    (5.0041663072698341352,3.0912894943108488732)   (-0.73119174102020123573,1.4302489549523904611)   (0.98957783258329645726,-7.4063002690970147768)
  (-2.2529815803587380785,-1.5860312980017567952)    (-3.2890425973180050789,2.1635669801752257513)    (0.65424452126474774705,2.1602613452285526208)