# Superpotential Type
Custom
# Physical Box Size, Power, Coupling
16, 3,  0.3  0.3  0.3 0.03
# Nicolai Configuration Number
0
# Solution Configuration Number
1 / 8
# Sign of Determinant
1
# Norm of residue
1.21552e-15
# Configuration of a scalar field solution
  (-0.36313352818525657106,0.55563202915307885466)     (2.3375403287087772597,-2.6386872429929950634)      (3.795125293204697936,-1.0017199755372319103)
    (-3.6850687597036091425,1.2269378486037383347)     (-1.2797737620727835939,1.8980071739686772414)     (-5.6109681058671592169,3.2975038126746767375)
    (0.92335026447021661955,3.3667603171357609604)     (1.6181970420492746143,-4.5302475132053414697)      (2.8342702166188633583,4.2704465121870436306)
   (-4.1164124537958821648,0.46947417329552815213)     (1.0421307447553342929,0.31057056296729812495)    (1.7829297906545646946,-0.27871070534136926922)
     (1.5366179511902666732,2.6155804373042959021)     (-3.8720118732070303302,4.6133494804648620402)     (-2.3556129975935360399,5.5751212391280535741)
     (6.2534643177549940063,4.0540697499745661503)     (-3.0374491159403271823,4.1427383568847115924)      (4.0724082972337081188,3.3762793665030184087)
     (3.5636679008907488075,-9.195805218860419572)     (3.0438930616412136487,-2.2524900789997110984)     (-4.744516629624026649,0.28382753119849896128)
     (4.496079856008904585,-5.8578218253043852215)       (0.4571597699416369287,2.147790228267683954)    (-3.8549705494892139157,-0.5197667793169984396)
   (4.6838233771120085791,-0.25607733146822259096)    (0.61837868390216876868,-1.3243507847832225455)     (-4.0074708366370810353,1.7685407748030463893)
   (-0.3712269419083754074,0.97197290707506667218)      (1.9650588118336564936,2.7460956685121282739)   (-0.31221408607059170093,0.27576755621297482923)
     (1.189365048170859307,-0.6659454390831729409)     (-1.1393916711181530932,2.1347300380219955684)    (-2.8351577380501202796,-1.5801340685977187661)
     (3.5827087803885677708,5.8333103281262692619)      (2.2136141044729229499,2.8054139231030155166)   (-0.79811885781180036403,-1.1408304236397615039)
   (-1.0628388661634984302,-1.2776496813618301029)     (-2.9421061240237778023,4.4946922613773754307)    (0.69955952881416272326,-0.1809926910263480182)
     (1.5198898014835762194,2.6346000898112316158)      (2.4905066304803344934,-2.546105717249929512)     (2.0407307897139399522,-0.2370138059383627982)
   (-1.9160510964456514138,-4.7105710942902945249)    (-4.8270701904598212195,-3.8293543646322554252)   (-0.96304656283691403296,0.85743209459629998737)
    (3.2867173470655952627,-3.0274067569920406484)    (-2.3536346391036229164,0.48715187929045811188)   (-0.13713757563829934161,-3.5449401012243186848)
     (3.3422691121148333515,2.0943597774651214749)    (-5.3592328088073033499,-4.8626639356074727871)      (-2.0429402154056925944,3.151351383633212766)
    (0.8010898424165100451,0.45550398848154244336)      (7.1309421105375720984,2.8908753650145833092)     (-1.572065993902459935,-3.2769686979735737076)
   (-3.1552850420871396686,-4.7553369084927439303)     (3.3286346658119123632,-3.2240614115469194978)    (-0.86187691704385793745,5.6050769795194002043)
     (4.3629053340166725761,3.9749855682697208259)     (2.0084100605595645028,-2.4205791643099310306)     (2.7283187250777563015,-3.1826631021606099914)
    (0.35229341322051799246,7.2359884418819353513)     (-3.6878049528354908126,3.3326525450388202465)   (0.47053906934418221475,-0.41853376342689602163)
  (-1.6522326915107836687,-0.71456747483970917134)      (-3.1942510295860615521,4.432219375321335697)     (-1.9385805274188254721,1.2268705591257900167)
   (-0.60115643557254905271,-2.035469700308397023)     (1.7336467080077802017,-4.2757587433063379834)   (-1.6051833440083731475,-0.90228682360516487826)
   (0.67336600483589159616,-3.9592188528932563685)      (8.0798503096261100609,2.9414013345973577529)   (-6.4783650979272096038,-0.51858447045648958795)
      (1.9628403472005888641,3.778143502063402881)     (-3.6118224181185651922,9.0773584773927034064)    (-0.88856847072154121481,8.3498609242462293878)
     (-1.9714901269873388312,2.664492638566129834)       (2.081182387830740943,9.5400869651339128552)    (-6.6733845238717242054,-1.0004718295744468026)
   (-4.5088647724211403656,-1.8890784300695300235)     (4.8378631592120511229,-2.3028123654931547115)    (-3.2807800753335110144,-2.5011924252420079107)
    (-0.25798988379658199799,2.534518976485153452)     (2.0878771086297116533,-3.7644035472861796521)      (6.9331779318125867917,-1.693884657848600872)
   (0.41958166364422333494,-6.1855854847596480894)        (2.6442796664048171529,1.74764113901011231)    (-1.7053484258652458205,-4.8153566849924072102)
     (3.0427851134044043846,1.7246439814700371684)    (-8.8019638387275911384,0.84901451265081284703)      (1.8425952149315389939,1.2484149917741171887)
     (4.7035265526718950113,5.3024231429573971397)     (4.6546033278871181693,-6.0427340253233579048)     (-1.3403932266269384943,3.0502686129449121388)
     (2.596729125633696178,-3.1289762743302174108)    (-5.7522189066188804674,-2.3452486684190989585)   (-3.1002074496180700436,-0.64083521558467371193)
   (-4.2060817126341092376,-3.2529046610730780742)    (-2.6752575220579077886,-0.1755759904402546534)    (-3.1325707860620721767,0.66065751438736086687)
   (-2.0027198456312684804,-2.6116181146147554593)      (1.0101803191844649366,1.4334717777591696741)   (0.83033478354488521322,-0.87211269212598185874)
      (1.8138638468526693259,6.884224610449479087)    (-3.0044390735401358405,-1.6937578314124643875)       (1.978716672261825904,1.5749181100887570395)
    (4.5293687656033920774,-3.8889480695275309152)     (-4.323463855608291162,-4.1833096743146516161)     (-3.1603081427642831791,2.8540407767241373627)
   (-5.2510355512929702826,-5.8532130494070537807)     (-5.9551009129907486184,-4.003421530680904894)   (-0.39826653960341601435,-3.5569747706551768651)
      (4.347550925244600073,2.8369767062816202419)    (-2.1772874151397383358,-2.8381120677957070164)     (0.21770762963692413816,2.8893115024193729568)
    (6.127862000954635846,-0.35875200641849219751)     (-5.5256714897682481791,2.4389544002133627387)    (-2.8458702819241694648,-4.0407615842738895395)
   (-3.4596799304791265861,0.45261266608055206184)      (-2.215334292480256817,6.6587513979807706477)      (6.4471277963147466394,3.4727638266547709023)
    (-1.0197750922041746158,0.5753105989759397243)    (-0.69202240469842890569,5.9316882652948956789)     (-7.0187959146041292158,3.7062757428443480201)
    (4.2879863787710839063,-2.4620467212458940764)      (2.4257293749257429205,10.212966785732882968)      (3.6137339814559656936,2.3397926736050518315)
     (1.0278875961745095324,11.029558849585869851)      (4.8990550695085159916,7.0291097044912165259)     (-4.1701126929346257199,2.6041357396369844146)
  (-0.90974989049314725076,0.69085731345712853013)      (3.5110860675164015099,1.0414409889498033035)    (-8.7070377866797965538,-10.289467658717612153)
     (3.3503742748352345338,2.8918753190442338941)      (2.4590931957786983375,1.4685693385068001593)      (1.2152702940351052252,1.4163878030573853195)
    (2.2735311766156942603,-4.3237935409806267373)      (4.5600225321522023236,5.9941705885446552315)    (-7.7984113230168929931,-3.0696988382787231409)
   (-1.0566327712433041253,0.62755616691376003846)     (4.4416243195444691239,0.34922775244061493582)     (-6.1971799891455017217,1.0835509589937433184)
     (1.5577021596701330353,4.0931125527481677651)    (-0.17277479525837577401,2.8943055100979120375)     (-4.0513870598863288564,1.1050637446013356069)
     (5.0177658930483746147,3.8660737732741132788)    (-3.6394298353014558067,0.12349969959056752988)     (3.7767311491914332677,-1.8226141718286503757)
     (1.1252120216933174657,6.0403022133327493037)    (-5.2943523429219094822,-2.6453815036876657807)      (2.3811158040016171533,4.5866070827121934173)
    (-4.875996241813512988,0.11924914199604777498)     (-2.2284670700030910773,5.1617751918712517778)    (-5.4134488186946212451,-1.8519297614715040101)
    (-1.4015762532560576137,5.7949893912689836029)    (0.47442977717614343014,0.81535078718804387954)       (1.295309350368035739,1.4214678280395895982)
   (0.91430449019185178194,-2.9546271074991299344)     (-3.2930944496155576395,4.0563812379353354487)     (1.3423422797798247874,-1.3087125669940338213)
    (-1.588634691391588083,0.71167040057660801988)      (0.47349033929310430091,4.141584318375127971)    (-3.9848351431720741012,-2.7058240028311155712)
     (9.2580661978446538996,5.4511791455970337594)      (3.156543005426595716,0.74526726603682791339)    (-1.8738022011427155622,-2.2445444856014797885)
   (0.70269851463820287574,-3.3798215765450994041)    (-6.6837345196509270195,0.26144204680161581278)    (-3.3167061615315764911,-6.6024240262780384825)
   (-6.4494474291742385219,-4.4529333343228296727)     (-8.1080798705033263474,5.0884718711509693279)     (-1.0107389238648438745,2.1387620404010210251)
    (-6.8618984225376067343,5.3418196254618832697)   (0.86369268174537738858,-0.42596806647056101314)     (-4.4578158660836280092,4.5177147538512070213)
    (8.4249377053311604868,-4.6973180336596431772)      (2.7955020573512849857,5.5367352553445190466)     (-2.0750189146431274878,-5.544577398177826133)
    (7.6608589578659884722,0.63397323890774515132)   (-0.53576715628863846863,0.10241571148230146915)     (-2.4881141240297188766,2.1902842367732464623)
    (10.117080259099624939,-9.2909711704058519643)      (-6.69080420950440935,0.74106733960865545097)     (4.3268893861364299269,-7.4265727093980453688)
    (1.7741636157740765523,-9.4694088317199227589)      (3.2991731015670535676,8.0730716666939557058)     (4.5237999001988331571,-2.5368736389354404892)
   (-2.7216453353302516582,-3.5597284401790854069)     (-8.0740197815037344498,4.7631590505506107291)     (-3.6477026930999851828,0.1001668788503803087)
    (-4.0505629623649879179,2.8481907205032075403)   (-0.14310032136172323725,-5.6944351043525873735)     (2.2133811303235355616,0.26135215375432019336)
  (-0.19221712215006728219,-5.1348178832016380113)    (-3.3572703900208034078,0.59348754224005384472)      (1.6637979989207467568,3.5544120953453752776)
     (1.139402090337863438,-3.3133006753203035899)     (-1.1353500363721320543,2.3537772063323951777)    (1.3507008435178367023,-0.21304115349710278648)
    (-1.5837452222024948068,3.4559239634843477162)   (-0.93741712139275679139,-1.5793371302247061205)     (-3.0660756100150776682,5.3147228561318184958)
    (-5.2145411104472874086,1.7127992646041001468)      (2.9450599878147936117,2.0834416317573061228)     (1.5882433415937267096,-3.3445449159309408316)
      (-1.744714195912904664,1.815438889170484682)    (-1.7759539150214183056,-1.6653488408763512663)    (-1.5817147160184439336,-2.0703484632937683152)
     (-2.5422035233918136576,2.701378349193289008)     (1.5837432350984825824,-6.0648563375252848573)     (6.4272801965654364764,-3.0201440808224395695)
    (-3.7400615449978591442,3.5986685491202563547)     (-1.6104532354495739721,4.9971744916696581029)    (2.4759627810940720849,0.024055047370851768973)
   (-4.0754535140487746503,-4.6152197985541327796)     (4.2767689689274606124,-4.1768378935965042587)     (8.5401783987312640534,-1.9560780385009368665)
 (-5.8753174477972853751,-0.078531134576833097616)     (10.797131176937334374,-2.8369240137092237575)     (-7.0593546194400120797,3.6276385590080253429)
     (-2.403770580311758831,12.692686860945713079)    (-11.122119346064531342,0.68980303107232887605)    (-11.990324746449704918,-2.1768048503516457259)
    (-0.98815527033770944598,1.268470570650767737)      (8.380244799964350122,-5.8479777358936830822)    (-6.2646474981857043218,-12.788133134361583387)
     (-1.979764645835979664,8.8416489183096711457)    (6.9811803925631101819,-0.49033865813215010698)    (-0.13678837925807685316,4.5018910563238847544)
    (-7.4423547903480455901,3.1686083348664406678)    (-5.3541725533884605426,-0.2890792244285152468)     (8.3843500026917059387,-5.5139189570041988731)
     (-1.247579276252384739,1.0511977806376286981)     (3.3422472247723176153,-7.3935159528772596005)      (4.2063971558850052901,2.9647432856062598816)
      (7.6653135021898748391,1.832033223208494821)     (-12.138838103505900534,2.7285258138696955044)   (-12.830505092847785065,0.070704144499569770987)
   (-1.0536340033785318582,-4.7799405135533916678)      (3.9009417157378551977,2.7820952965442327098)     (2.5102468231329289061,-1.0612122165553348196)
     (3.0782528626567575714,8.6897813303782083239)       (2.3941913723767593858,5.896611476375177574)     (-7.4860881188986088119,10.110020594709569153)
    (8.6941391706541857332,-4.6332338622241131532)      (-3.238921877944064498,7.4201656286179487054)      (4.7031372439695786625,3.0220960212753249508)
    (-2.6457240312827199347,7.7733405943285696083)    (-2.9813338751898634804,0.40918362142737085829)      (-3.118708231720565216,3.7179274540641937818)
   (-2.9448005262731462572,-3.6693638959687748802)     (-1.5986151292561232573,4.3722864334995961144)      (5.3971889988800860749,1.9544653175696540259)
    (2.9304613624677320338,-0.3055538986600973006)    (-0.29409517073815549804,5.7303511358129215481) (-0.00069495065516923131867,1.5144143467215931409)
   (-0.31537346592842285808,-2.263466983783858133)    (-1.2067451354066904834,-1.8614134338946450864)    (0.21230676256440900174,-2.6991003852508175243)
   (-3.4444382449000641166,-3.5656640576611549065)      (3.0127214555730081891,3.1569744109751152195)     (4.6132311936846726041,-3.7731783102829812293)
    (0.54609321836956825624,6.5632910120025318435)    (-10.100880577621593304,-2.7558001404158316561)    (-5.2621238510980257175,0.97119034666240089404)
   (-8.0576072011726491695,0.30860999505116321062)     (2.9804825617191292864,-10.704184132351832304)      (11.05597525253019775,-4.1042254799488109285)
  (-0.92841192208531775343,-2.2727070748707811632)      (13.11906269257496227,-2.9908822668389940524)      (-6.5496756111392464561,3.064816392610886453)
    (0.21951415384718153678,1.3270468483493207401)   (0.17455663808006705029,-0.90146434659254026656)        (10.941083889374024096,9.84466772484302588)
   (0.82440155168544948516,-8.8026209041364662511)     (-2.4800052236049006105,1.3136402689212154371)       (8.6339822603551468205,2.785443329802446133)
     (-9.3003242373273167232,8.982783847866489424)     (6.6385464035297623298,-8.7307932437268238601)      (1.7618041775934798476,13.712004295344428328)
    (-4.640498060038255268,-10.395879521691870906)     (7.9720594381361662428,-11.544319084158482625)      (-2.784004991959040165,1.8382175954261221751)
  (-3.2734174908931734649,-0.20206388120464552349)      (6.0472779459954102421,5.3904642701692440099)      (1.0310956294254625121,12.150996261828504785)
    (0.97017106354673277036,2.4583701179242591905)      (3.6297487270338191223,-12.97380400524142452)      (5.3256401375282624855,1.4783446596433900133)
     (4.7095531775503234329,13.546161032444745231)     (1.9602392047720200718,-3.0994323847589497767)    (-4.2169525234318800955,-9.3078635133291065529)
    (3.8414400754613229338,0.36976238347847983912)      (1.6976678868257035759,10.445312576776373703)      (2.7190530222086062295,1.6394005005699363586)
   (-5.8734832844253572759,-1.5638705401238881532)     (1.9955131686985316808,0.38757945973448998389)   (-0.99872464505745517371,-7.3750330101002123939)
     (4.7334266232645862971,7.0263562347583503609)     (-1.7073842965260563886,-4.681147307555736603)     (-2.5635568642495307756,1.2791378261404360295)
   (-2.5887807740373123266,-3.3870419691327011691)      (3.2607563788960107765,2.6676247042203780069)     (-6.9809694043513514927,1.7097891575445076651)
     (5.8708058777080616153,3.7342631605154394947)     (7.2637703724595645838,0.97669813909369063154)    (2.0199387433255493463,0.099643971428925101619)
  (-0.67100364218997698984,-1.5041450669921323513)     (-7.7288698243943754207,2.9965186393457781122)     (-5.2880716334981476834,2.7471286018116329863)
    (-1.5664208033060948999,2.0440436902753829074)     (-1.7366969669594085612,1.0009237873856331458)      (7.2528649658693531421,5.2132903469360210025)
   (-3.617317740651598168,-0.54914071539227293783)   (-0.43434223466421156834,-2.8326641467505693228)    (0.066630938570406902932,1.7444634751118603955)
    (-5.2329780440162814159,4.8261404966906136238)    (0.79648565251883063354,-13.576582116455211846)     (1.9806048089742023244,0.68376231471934012518)
  (5.2481748411943707211,-0.061002764838599357611)    (2.5193962806767693507,-0.91349591613165748161)    (-3.3295974205694611747,-3.6609349308568397419)
    (-2.9551473082690122851,20.821684189973115764)   (-3.6187301574511847591,-0.23211180276496026775)   (0.88695138897668324152,-0.58169886180275343079)
     (8.2167435655672758088,11.673880202393677408)      (19.12186821453084562,-5.4606699707170101021)     (19.861685996059392778,-9.2482834371031099607)
   (-13.968967250179829875,-19.148933984348673221)   (0.015742932387934213678,-22.182930108084413234)      (14.677595252828467665,4.4824271817181626787)
     (13.179042079977790536,21.697871891867865912)    (-8.3712521372179775625,-3.4163514306743101301)     (-17.532707204208879403,1.0027927689187106086)
   (-4.0819752642778457385,-15.450110699432785921)      (13.873626991842886724,-19.49903731522738326)      (10.528275508934243021,5.9468549922291087384)
  (-19.862864804433701948,-0.58963957708436498528)     (0.42769785335795651449,1.6267911575646814004)     (-12.999768355204130543,20.172103978719519546)
    (-3.405629467016674905,0.74685789188607776268)     (-3.9059467688609323943,2.1420900825390352118)    (-2.6344138391208136163,-3.2628089865380252022)
    (2.3414530128454384972,-5.6217524126282913954)      (3.1994275001369127942,4.6364374920601756358)     (-2.9766947969860622081,5.8622833506749651988)
     (8.5882623334303591633,1.6567622073566459218)   (-2.6805933179719363402,-0.94778478467612481406)     (3.4968899564799262869,0.35678839062679146288)
   (0.52197180417652033757,-8.7233676955495127459)     (7.7757060218802847018,-2.9508643933748648358)   (-2.6139227821790638195,-0.82996458530596406433)
     (7.8626108539263785957,3.7958794689640722453)    (-1.1854409391303533106,-6.0610941802852131843)      (6.5346409760890802332,2.4152348611127227862)
   (-1.9144678308453160209,0.23903111073168073486)     (1.5083340109094030002,-7.8762717634361925079)      (4.7564536240122814448,-2.922097099562611433)
    (0.49868558035912585735,7.8952433849539591648)    (1.7620417469571345581,-0.56750032696736529836)    (2.0927131738265263294,-0.17258943246629682156)
    (3.863920423021961259,-0.48252676664528798556)     (12.208423291226679908,-1.7810140358408192984)    (0.50732094955578355133,-2.7508024081062956157)
     (1.0477239536958562471,4.0937447589156601424)      (7.9117850896862123022,1.5450418007252140207)      (3.9689951676842878392,5.1728610879845389192)
    (-9.6286864754505376851,1.7742092580616757314)     (-3.2565753593359492157,11.541897218157345151)      (5.3719366906288952279,7.8634349142351709361)
    (-1.6777790514985977399,1.5221407613483117771)     (-1.9892979194307620627,1.6404162778345985352)     (-4.0800311119331773568,6.0684014285556138191)
     (2.6468512927242451305,14.257815658692717165)     (-3.4229098941688511637,-3.937471895320794335)    (-11.274272870786022693,-6.4494128964975923068)
    (18.815778629682206713,-4.9544971114859359673)    (-26.314703189513192427,0.27187905974971571244)     (-25.229306220432700769,10.577108315615220135)
    (6.4449862070682106818,-19.676760164019697186)       (41.70077958918566452,37.245638024662682142)       (14.7231840013680646,-7.1420600184511675579)
   (-27.046971588041060386,-5.7869882909910534963)     (-6.2749973443947064666,23.478195295132117337)     (23.500528923452499441,-7.3056873198316276685)
   (-34.768126749753733407,-10.514636643211032307)    (-18.812480257587370858,-8.0398343400414979953)      (17.100567227221887379,5.9965209909429573187)
    (8.2479367621019985535,-11.793571471240925419)     (-11.504098692565374762,10.803450108441044364)     (-6.2876246049680757366,24.330276493783514979)
     (11.834590995070517039,-1.560574797509588274)     (-13.583850531263559347,-2.052727135758527055)       (4.9512163196866518788,3.379615996938932998)
    (0.48700253758830941431,1.4498181115825796716)     (-7.1032314439218824376,6.8993557165373999851)     (4.7705742925137561983,-5.4604522445749958948)
    (3.5924620152317823241,-11.567251528946977501)     (-5.9810413770930699329,8.3105973632467531331)     (10.019429619487024041,-2.9467693846592455387)
     (6.0499156190022755908,1.3953887037054768516)      (-8.760730052740347773,1.9835345897468612542)     (-6.3744813126818344884,-6.262889018153958709)
   (3.3137884635542804723,-0.51977340857270681873)     (3.1307850499151634871,-1.4142188910549895464)     (-1.4103743134931889802,-4.545750115401031799)
 (-1.4436123366152351366,-0.045671203669630566768)    (-6.4200970048383085853,-1.8375608376187415605)    (-0.34054004146153199484,1.2381159481380417109)
 (-0.78570256261301152367,-0.17215971838190169407)       (1.2123402185277052379,3.162159561541320496)     (5.1914205555645436263,-2.1447670316911482402)
     (3.7093053233901978061,-1.859376394984744385)    (-1.9748266990981921953,-4.1620888990143027897)    (-1.2363671780537357492,0.88563279155728080738)
    (1.2205785973892497864,-6.0370680186781564558)   (-0.41937219122472657595,-2.8809550721644066051)      (6.3369116549867738897,4.8819936873217022466)
      (2.072047463020796787,6.8582240094530142471)     (3.6375342539798856123,-1.5757977934162643585)     (6.5214665442497095071,0.15895437326270778211)
     (-3.2560756985396661634,2.685627406884628865)      (-12.764938688104203734,1.904289000320722236)      (3.397661347925035269,-10.932602030179550567)
      (12.388873005677677241,19.62515356215844875)     (10.453547912573668555,-12.248702095320577854)    (-12.976229977145742112,-6.9492839507402051069)
      (1.1566717890702824523,2.166487127727511286)      (2.2676971653494821801,20.701471662316958344)      (11.982392635286531757,11.696102677056448016)
    (36.323322171441290607,-13.535136530646994402)      (18.439943114400168866,35.801652205419578934)      (68.311801445551580514,10.377609367293512577)
   (-85.527461326903434724,-56.977270671810373415)      (22.368702835408100782,154.35470429313988916)     (-40.267826676539542063,72.738874464016234356)
     (1.0521440526508023527,9.2685964745709927826)    (-14.881988203014469008,-36.523606010200140304)      (12.627373491163627506,-20.80502412972677817)
    (8.2833478803390345746,-12.327259921711180013)     (-1.1626802492161918412,5.6023554516925830882)      (18.750434149706912024,10.791220534405068676)
     (4.6721976651464194319,13.388022308854573339)      (3.7606638508609524507,1.3063327867363165868)     (-1.7884329741562596805,4.3427284858364068043)
   (-1.3616239962068203972,-8.7966420505683178277)    (-7.8833700193024371927,-6.3274332220702778073)     (-7.2140615537002803492,4.2638911823431842052)
     (2.0799346122917659052,9.9110662151313952961)      (4.293556959296296327,-14.033125679974451927)   (-8.7250134570283588431,-0.83491131435669485583)
  (0.68941329014321006685,-0.13036848090296063174)    (-0.43911430244628435471,2.5432096909053831801)      (2.7432274543088723817,7.8719079102222142552)
  (0.022688434493858680024,-1.9230550343491810139)     (0.19578779639908525101,4.0053837542861110421)      (6.7399561406378847295,3.0920838860577228857)
     (2.4535070160590155552,-2.571826953899414292)    (0.32005924127294638204,0.72677444687718883998)   (-1.5731782037172925559,-0.66019864018919183213)
     (1.0414979218112994097,3.2806868413767951154)     (-2.7858114976761592096,3.8640868712103602078)     (-3.0498532333277341699,4.8163791471023742474)
   (-2.3620937410299025494,-4.7072302597518014267)     (0.36012091318818206798,6.8539569460773499543)    (-4.6057794998134751197,-4.9900978090153191857)
    (-3.8524723878486928363,3.3409372439761853002)     (5.4037356833079330798,-7.1441339163686468083)     (-3.3867170700557154284,4.7086188040083420958)
  (-0.54977889634472432157,-10.887475204682166563)      (5.8558681307363924518,10.624910605198616409)     (0.86807298272506638881,13.288590236879656459)
   (-6.7414346903451978221,-11.991699361312221583)    (-1.5165235423558589556,-3.9945479684400879705)      (13.359175934787522522,7.3963298637944951963)
    (-5.7551255123476288134,6.2410459551376789022)    (-0.90508327799174870254,2.3164191007913559339)     (-2.7961296351390743098,2.5086124392496738089)
   (-20.388520236512814421,-16.657466332417811827)     (8.0862597507230535854,-3.7684580692453510942)     (-21.365547062554266944,7.4636150685693056772)
   (-57.461031390004329467,-3.0504528172254934404)    (-20.407884297256188688,-20.254607556961961023)     (-5.6596879746784516385,14.180778483404939294)
    (-31.088470619310491827,24.503669672262681445)    (-11.605476381193373214,-18.344124636205911827)     (-30.739541250650887605,-2.479351445099970519)
     (28.001624467747827651,12.938477094452569105)      (3.933123730391212991,0.78743204947802369897)     (-10.294473563446135955,26.662576520822156567)
    (-2.5307904648131458458,2.8133964984420400945)     (-3.1718668300403964899,13.292318718753893592)     (1.3641735263980074855,-17.573021810804810627)
     (-24.9331290148253224,-5.9601305256142360633)      (-6.0701880181053669006,14.63541336340573551)      (2.0337736023429666687,3.1994062708754915647)
    (-7.8529209199891072402,1.2903091801638173486)    (-7.3016405623266358305,-3.6409600471659739895)    (-3.9770601653381900675,-3.7534897749955349333)
   (-1.8269628618449835766,-8.8212271677284750382)    (2.4430399193808445268,-0.28383835061560203084)    (6.9968832107842029444,-0.43890635098497893241)
   (4.8696893750190382022,-0.24657698052687515577)     (7.6990343928838704812,-3.9081513088658468291)     (8.5319242716954999395,-0.2570751871345436923)
    (-3.8108510133790094443,3.5332914421189363097)   (-3.6503946032588840964,-0.48937305616737175606)    (-4.0987122683883097096,-5.8556365663516505293)
   (0.38578499046051079047,0.47078308840001331648)       (-3.3291056886331031883,6.08350171895172398)      (9.0058846181587863811,1.9213526960520821429)
 (-0.067474070343650119352,0.28197575673240293792)     (3.9739328050959525918,-4.2101429111075150402)     (0.31845218600644792373,1.0665898080379827562)
     (6.2638824883084902595,1.4750433939642684233)      (4.3524818245970644526,4.5059785945411903185)   (-1.3962847333461587684,-0.15688592536284295953)
  (0.99685231541296170921,-0.85393415507690251243)   (-0.33409779616286938708,-3.2227845804934651675)    (-2.5995349018531048735,-4.5129213959761322883)
    (-7.8500007577969794781,2.7008712983926055351)     (0.44545723389834318562,1.2902487812889589236)       (7.434269092626570874,3.0251238164508715833)
   (-0.30164171307569048741,1.9994723573273434081)   (-0.51092674400893089981,-9.3575545870698668693)    (0.049703933748323873842,5.9882804333500425642)
    (-3.8500661810168335109,7.2852483583814597878)    (-2.9021486118435793067,-3.1220669360306381179)     (14.831487054334187903,-3.8959770796093251555)
     (6.5153559597032675299,-9.506412454287412217)     (-7.3983799529957492425,3.4912504218194277961)     (1.1614951224687939391,-4.8393042047234500203)
    (-2.3066458058837837619,17.764831112055112783)     (23.432366595241706619,0.53764272126861545331)      (18.868102479485774126,20.279402638910628554)
   (-5.6656242888818146852,-10.929997240273664261)    (0.04989048076172265811,-5.1017955483711698861)    (-4.5473496918851177284,-10.764877459213231248)
    (5.6937723316383657135,-13.058876320420409911)     (-2.7453913364567870126,-26.82807474555224303)      (3.1154774497452679682,20.494544417462982722)
   (0.68964805900342940337,-9.8826223872636553835)      (9.1624659468213689451,8.6992302368548930502)    (-0.51765233085419370962,-6.479712453261520011)
    (4.1229757877034671765,-1.2775834966354078226)     (10.571981615442521019,0.36582489254260236455)     (-4.664449526670525259,-8.0273682216134396583)
     (1.7452613609945080153,2.8103861530819127523)     (2.9176701819592962828,-5.4583190686783940038)     (-5.5903425200907319592,10.420619818889017338)
    (2.9990538603313048327,-5.6928235384065786207)       (7.256203573521382566,3.9438342610860463999)    (-6.5669822959256549666,-11.788097439301871816)
   (-0.39827607400970971296,4.0200994516737624807)    (0.91320609141881692317,0.94916859895697047733)    (0.051563233009930965756,3.4724783228568916194)
   (0.61332144577038238964,-6.2787476310600851548)     (3.8584373729234675565,-5.4271397752146288695)     (-2.2744181706948913835,-6.444051603028280617)
     (-3.049876688008157366,1.1275179536206092479)      (2.6620794325337411301,3.7389589307797974627)     (-2.6092045355540016693,2.7475077338267079874)
   (-2.7945825870692400095,0.91451636577373962567)    (-3.7677009971782036146,0.57117608816593423704)     (2.2719372359901659486,-4.8803544703034482666)
    (3.8761705887748845178,-1.5062048683922326653)    (-1.3040011525816501692,-3.6795581994191794983)     (9.0949623435361104384,-1.5515613048067213864)
   (-2.1443893829208788837,-1.1113148031958179907)      (7.6435929701570790584,-4.318330343812866623)      (5.3655354208249237402,1.9869335107667753793)
   (-4.6779336978502392697,-9.5384668024291041633)      (1.6039246825513628902,3.5195993660280953108)     (2.4593608133396793747,-2.8024945532083291866)
   (-11.273355402515523593,-5.3326087997610116531)        (-7.175722577279852743,10.5195488818851004)    (-2.5683257418051557153,-5.1362393938826240714)
    (1.6622619843898118752,-3.4988798993936454096)     (10.363211849927612462,-3.9905329394968727108)     (3.7310824582846859876,0.65937565669439890392)
    (-9.0460709977063498144,2.0999992097628985555)      (9.2267642343180771292,8.7497040555014589103)    (-4.7187180532346690853,-9.6064989853646824969)
    (2.4840779630827189983,-11.471144755950787086)     (-6.8325762649450414443,14.633803516727519778)      (5.9367150022121162323,5.2867719565225259615)
   (-9.4583381365564385135,-6.7150186672141733979)    (9.3131084554012240062,-0.68776196035568326614)     (4.598411695098688412,-0.62924646351327639948)
       (11.002431381537865818,-6.3108036474416771)     (3.9928064839560901689,-1.4833767763029814812)    (-6.2340376612532670819,-5.7081712784515659109)
    (-5.7959811404183625427,12.151167700476207756)     (-6.3520580810990585618,5.3300850096490535179)      (8.3807643154441038291,4.7425663747199271469)
    (-10.033409340665539133,2.7430725754213374223)     (2.7380970048523960436,-11.237621441232167996)     (15.212282289892254283,0.44966533656358909088)
    (-11.917597853489979798,3.1997468817383145634)   (-0.32587406384563055717,-1.6511052320781069991)   (-0.39965571376885422605,0.19118391094779657591)
    (3.0254385136743531248,-3.7156227609583600824)   (-0.14774519425211524171,-5.4754843316488566174)    (-2.8412359300289540265,0.80133124767151719947)
     (1.8407584879332241634,5.0375374421144885062)    (-7.9331435995190888733,-1.1033397471664514455)      (2.1330370224392360967,9.0492990038475102921)
     (1.0682684667260204936,1.1471791678168086204)    (7.3071827774556625812,-0.64834984207586510152)    (7.3421344796316523329,-0.92397638701564011043)
     (1.3577014560084550432,6.6512821349476487498)      (5.1480843431411447142,-7.213897353683248248)     (1.6648465041663353947,-4.9492539451766521807)
    (-5.0424096195690033539,2.4374260399090403872)     (-3.0745874757736455507,2.2287233150995593434)      (1.6177745483945893401,3.1383942775638522527)
    (0.11756299447436543981,2.4241312281901690184)      (5.7692097037093237333,4.4085262691436764015)    (-4.9468382168457267767,-5.3498510319592993412)
    (6.8849551792946481754,0.56466681071605728803)     (5.7422284126653053704,-6.8321714123605898905)     (-6.2589975892879925468,-5.490211546623764427)
     (7.3711298263008862008,5.9322045662907987307)    (-2.3457414511695597881,-7.2315977263234785255)     (-8.5145832120958058198,8.7577506848211417179)
     (3.7673626753406304069,2.4589538910934871652)     (1.9374112942983912067,-5.1185732860843184966)   (-2.3890682480717861935,-0.50707590114140865811)
     (-4.3439994975471787342,3.910830145482214526)     (0.25364023249140021932,2.7738538412591515758)     (-4.248672303196405764,-10.433991503144476098)
   (0.13079400493467990829,-1.3848255268037148458)     (-9.6706300409373504579,3.1014999803826435176)      (13.702705075375494204,2.4193400876643398334)
  (0.38187760075050436459,-0.77083921515161935023)    (-5.5448315376831880386,-2.4898672635269112341)     (5.2497826171074066792,-11.719712782316781485)
    (-11.767721171929894197,1.8949350002286680095)      (4.4696764635071621896,3.3082267640028448774)     (4.3998679741348505345,-7.7076998035822548161)
   (0.25011261224966235828,-1.5881006519455365122)     (-1.589033679278101463,-8.5563499585987123908)   (-4.2289466287583321602,-0.28682896572471033858)
    (1.4417923406174300016,-4.0405022270271055973)    (-20.109437031904025872,-8.8773755954338930962)    (-4.6201646865609173886,-1.2638561068231788376)
    (-7.205190760993088972,-0.2763004689138413017)     (-3.6015125288692115824,4.2481349891134394525)      (-4.1926779340058182299,3.395134890912107295)
    (1.8046636581813408906,-3.1217509884700329614)      (4.4384676675982088767,4.4883077622459017775)     (-3.7275651289826288171,6.7741091062511511467)
    (0.82324842962121536072,3.7610725696252282901)    (-9.6963970103304841786,-2.5012893645162925793)    (-4.1485605978210884359,-5.7132519967819561657)
     (2.5494399200699553454,3.8871677467006944262)    (-1.9397337512380654623,-4.1744761841377542311)     (-2.0936269447970436985,3.9097995498902426981)
   (-0.1831038139091125394,0.52845817952161455722)     (0.13760488420073704874,1.8373415750769217514)     (-5.0919864640078316143,2.4013866999088846477)
   (-3.0385939577964609093,-5.5478328979478161997)     (2.0453533531689060965,0.16839070141684589488)     (-3.4863694808151395321,-2.383013570671210779)
   (-0.92238171210682950996,3.0278102572966911765)      (1.6793160135716724835,2.8795267294255273427)     (-0.61595318348897254435,4.928540276767334305)
   (-1.1503847554757185012,0.92803349663202827635)     (2.1737529580775856175,-4.0383311212136367985)    (0.58898973875245053122,-1.8314426824748930578)
   (0.72842826388733616927,0.50661142647264145733)    (-2.9839384171937952672,-3.1737352812745478481)    (7.7139010444874491768,-0.63503051898785844998)
   (-0.53509612647765469884,1.8887413669704546937)      (3.1217915725001161853,5.7563581478208822872)        (7.8589365771073449451,2.18814250167995894)
     (2.9632475954889931913,9.8512290143082132943)     (5.2936512994748561312,0.21929554829519395942)     (2.1824450290304624467,-7.6973564162845553582)
      (7.2143202707340936541,5.217063818594764868)    (7.6388448566750239976,-0.69513152589181381735)       (2.3770201763105989201,1.888534311006048183)
    (-5.419781049020543584,-8.6517125266962047192)    (-3.2544917035070559663,-8.3360394929978305356)     (1.9131617078638927243,-5.5057533823269775297)
    (-3.0000162083726471529,2.2398987257842808418)      (12.591398346926130358,2.2386580878026194341)     (-6.608746072885843148,-7.7479203655446298171)
     (3.8859282820212635023,5.7012960226701530075)   (0.61551989077875546297,-0.15551206053467661605)       (7.1471060877214691587,5.924692163777550924)
   (-0.65285308167936284551,5.2456554701182875888)    (-7.4348334171363203993,-2.8496623014391122553)      (3.6909622413296108157,8.1030600397156185011)
    (-6.9719077841795424888,5.4102112017491927887)      (-1.4232191303915184832,0.398800100553047987)     (-1.8580652720211536799,2.8824223873156973319)
    (3.3963512041497687655,-7.1205467778773021692)    (-4.8132929113268492216,-6.2929139061832968238)     (-9.5183499117835701497,3.3198015583158739794)
  (-0.68771274909061641534,-5.7527467822045990076)     (0.62185908373475662358,-7.530834108037976371)     (0.95629186612428485059,-7.891341477608463606)
    (3.6465364272702811554,-2.6023001442215480949)       (1.036716576290733105,2.8042168714395838691)    (0.90194359036248206163,0.11301082251041529025)
   (-3.4823268240151876718,-0.7472694509513130301)    (-0.7709641338565076385,-4.7693358493701714096)     (2.4329096931999854014,-2.2485135554375332845)
   (-0.39105493189633711015,1.0826509623103162117)    (-0.56599417016359843124,5.5182991309111155687)     (1.2844781444615223087,-5.5773504492678425137)
    (0.430588213903121797,-0.69633868672934928767)  (-0.091664410030331530677,0.47764421189865347017)    (1.6309964695876408847,-0.30954185194929062508)
   (-1.1130602470013573058,0.25875687512557360437)   (-0.40283272835303968185,0.63723484827931731189)    (2.3168618386357029415,-0.30527481299601683107)
     (2.7627666672731425734,-3.146948963530765031)    (-2.0762668761160227859,-3.6238581194491565896)      (2.1022199884538683712,2.0276824294657274095)
     (3.6654610526651514313,2.9417053880000256783)     (1.6499993831152770518,0.60633961424768800796)     (-1.6918270317208154996,5.0368069138026418941)
   (3.7041433114222686029,-0.63476303874679129713)     (1.3372241187586395572,-6.3781106150047319758)    (0.20741092700550523009,0.93083691128639989287)
  (-0.98498470903604151694,-4.4864672795007072281)     (2.8781325816609824031,-4.2429214125634588939)    (-0.43602715452707990762,5.1287361839178213785)
    (0.62090186296555693879,3.3689472719959221436)     (4.1854046636715702689,-1.6054685786777371792)     (0.3902113617462985018,-1.0346029326998149589)
    (-2.2627481381014473705,4.2537610168390891374)      (3.3653983845159620714,-1.320752429217223467)   (-0.059982948407823796777,3.7965083254835945148)
  (-0.96968756568369862681,-7.0906601569384219985)      (9.5370830087179498946,2.1063277655850805026)     (3.9516378024722316198,-5.7679966966386979621)
     (1.6167825841783745044,0.4658295626653721766)      (3.5169541105620654164,1.0576416313191085994)     (0.74767266923148900659,4.9737698013482418702)
    (1.6471221255751409274,-3.5188914862810207751)     (-2.082178296046268251,0.39905857847687675743)     (-4.7857508422530248282,2.4847508697459788074)
    (-1.0673400942015620618,2.2292921055199479419)    (-3.1530406059651761019,-3.9847449539359205417)      (-10.09095438457024585,2.3358658342673801478)
    (5.8301888623316227012,-3.9889205818924122759)     (-4.2353585928876231748,3.6847803165799772884)    (-0.71115370343563455435,1.1565134773348804131)
   (-2.4617549155299514041,-7.0963065612540168203)    (-2.8491563972045614861,-1.6302474455034208223)     (-3.7482345510085131046,7.2094315601375953406)
    (-3.1315301641604018634,5.9803840880277476799)      (3.6088878886967625803,4.3463001187215652976)      (7.2015060563586636988,3.5894877585213351701)
    (4.7169637669693651461,-3.8702776642537419782)     (-1.9574117942478301835,1.4569391809324454545)     (-4.0088193246489813859,2.7916853147618696518)
  (-0.42991512309327789554,-1.2702641567294004066)     (2.5129911401554374528,0.23800514728868751857)      (-1.5588797152592344109,3.960726354142933392)
    (-1.5036467677068836579,2.7102461958866035374)  (-3.9297802235855820996,-0.016723495101217990266)    (-3.4723338430824677303,0.99551706647411597473)
    (2.5833850017522865805,-2.1566738183383318272)    (-3.8572565478842064657,-2.0773035437322082686)    (-4.0867708807677178839,-2.1296022245927463956)
   (-5.2656285333900960666,0.66513274798108967811)      (-2.3608290931947126801,-1.16117971045844115)    (-1.2140912474700011892,0.39029930572496207564)
    (-2.5060152427413573406,1.0432363355166187624)     (2.9713576687903637819,-1.2080081158744861991)    (-0.17819666859741303822,2.4527040927729366615)
      (4.9690443601888851788,3.113758337893956174)    (-2.1096715834121142485,0.34228374461438287879)   (-5.2841163638634425226,-0.98087373532712918145)
     (5.1018887268594435014,5.4144559009562209795)    (8.1658037409003974005,-0.61553589699059108042)    (-3.3223997043302579968,-5.3247532910856358868)
    (1.5960988620967517804,-10.062811679723667524)    (-0.8450399856811188215,-4.5572049691528420112)      (3.7691620518604893597,4.1680710633975488477)
    (2.0449775042627544863,-6.2142703552155937885)      (1.8183400869661801025,-3.705950495103818465)      (2.0333351543886020174,3.5874612382088035822)
   (-0.37258501757649681307,0.5285165964368431224)    (0.004368896979694079051,1.5996280948485319673)     (6.0666327704443734348,0.47269492505538945881)
   (-1.8381627211198174887,-4.5793888753661500246)    (-7.8012086066890820035,-1.7528062995331941121)      (1.9680017372401268361,4.0452496382319553803)
     (-2.3400530795541438778,4.608572082645201462)    (-2.5728930165523422602,-1.9343955512553283604)      (4.4039623973318455796,2.2465127375221629613)
     (3.0607904579826796798,3.7209378476245493772)     (-1.5905236755319545061,1.9110875121777688435)    (-8.9961885083425112697,-7.6148850026310803685)
    (3.8565256417850122261,-4.8459229356042081704)      (1.9224208401554845338,4.7130880815348081825)       (2.637552627974009134,2.3019324892603862942)
     (7.5490865644865028372,6.0191434683450424359)    (-1.0221158745281500035,-1.6715977057144935092)    (3.1216582025827910307,-0.97394200402028163754)
     (1.6831894974739611825,3.8864543537113362959)    (-3.6630573061876590124,-2.6510575032027352549)     (-3.2861765626993042488,0.6465884958045010622)
    (-2.7704046146212970569,3.8248960346010405509)    (-1.2155114655709198246,-1.6634979239712048837)   (-4.0475263554291220913,-0.98690467129131653756)
 (-1.7642528344672536722,-0.069851689689027454677)    (-5.5721679010301823354,-2.6245412934805689709)     (-2.7185223569692142931,-3.058059717839944458)
   (-0.25323087270079763789,1.1587463276629679232)     (-2.6273072827491668058,2.2271022791839305555)      (5.273855145248639964,0.16384439514290652373)
    (3.1247372065877323521,-2.7519127226000383857)    (0.97488768525892677275,-4.9721373649881499546)      (4.0856092002732422586,1.3872477117366870392)
  (-4.6404886776371023771,-0.76580456447891609439)     (3.9201976663244324506,-6.4340929527994488168)      (1.1487594326341701301,1.6504324505685170621)
    (-2.0735701170215494749,6.1963521478282004296)     (3.6362621583026917271,-4.0182575228764854103)   (-0.68671543531852718978,0.41371718269730040074)
 (-0.41684824305277901058,-0.11115769505687010665)     (2.6007180302340451306,-2.2677185157864112597)    (-1.9426787327446615183,-3.0356306148780745069)
    (-4.3034051943044717703,0.6892235512315711965)    (-1.6136457952938005889,0.47958994728155496245)    (-1.0241735643364053843,-6.0459384354200809142)
     (0.5639837942846828156,1.4814753069010058173)    (0.56244295471512728568,0.08412274999721520985)   (-0.31115587984339604377,-1.7639637135732211259)
    (4.698005771230091554,-0.54873986122171747315)     (2.4157434959931749496,0.92399101793567972596)     (-1.9424910148072449534,2.5462019078468616229)
   (-1.0769911781913790172,-2.1512107680745304883)      (-0.200742843617674388,3.5666578607722638772)    (-6.5271916195365431435,-2.7774285901150816969)
    (0.55262074087384438492,6.0447311626081177138)    (-2.4645157634875993757,-6.2086421728897693839)   (-0.84803153259710384315,0.99402515641469546548)
    (1.9112362571342604856,-3.1274276987607056988)     (1.8277531734122267615,-6.1934085067592024032)      (1.6425454655812912197,2.1331887613597504405)
     (2.0293747814791300854,2.5900000342962634647)    (3.8040875478514983854,-0.63488865774030356359)     (5.9747719551367657331,-1.7918806395189956771)
  (0.72190786048223032356,-0.18808579898639676831)     (-1.0497998613750960661,2.4599485672989103158)    (-3.5914289378678616593,0.12555885494977689354)
   (3.7429529477566769735,-0.44249096030037560201)     (7.0260323681475060908,-3.1370232754484703719)      (5.8178067785627805009,3.2569239430609417951)
  (-1.7497792073526403644,-0.68743791443049406809)   (-0.76085849654031678657,0.55543279956203739367)     (1.8691769784375660279,-3.6240802046572970774)
 (-0.25105719192993197764,-0.82613467674713902955)     (0.73801292622442304925,6.5816599388143099958)     (-2.4502619654937838334,1.7617768402057607524)
     (5.0361731320084297536,3.1538853956949828294)     (-1.0644296062218665533,1.7141835048486759874)     (1.5885821370373820471,-6.8797604854517517836)
   (-2.2795413371315431661,-1.6110673073187342652)     (-3.2890597803555023937,1.5783576923981581519)      (0.21372963197008335023,2.008787897033340375)