# Superpotential Type
Custom
# Physical Box Size, Power, Coupling
16, 3,  0.3  0.3  0.3 0.03
# Nicolai Configuration Number
0
# Solution Configuration Number
3 / 8
# Sign of Determinant
1
# Norm of residue
1.17537e-15
# Configuration of a scalar field solution
  (-0.37675940782787276095,0.54758169212461282882)     (2.5279900433349480338,-2.1050491374445194914)    (3.8226663176239932262,-0.97205925138610849157)
    (-3.6519347829359531943,1.2204987968839171586)     (-1.0043924452549310988,1.9926284804559271091)     (-5.5957780035110689099,3.3303284931607333164)
     (0.9092330621016260217,3.3579751302464790896)    (0.40196320787544292941,-3.9083084272958585892)      (2.8134607881258526518,4.2846325564963123611)
   (-4.0919096245683297397,0.43901834066026013126)      (0.9891639556908132791,0.7095686269745671293)    (1.8310516961923124502,-0.32580608245398878786)
     (1.4841521579041341283,2.6924603049712629854)      (-4.6832388423653616982,3.294059514476126882)      (-2.4072851859119483997,5.504336386828558858)
     (6.2729867549883220335,4.1105961787285432152)     (-3.4175922362632338292,5.0582214170999399983)       (4.109817956347130874,3.4066105001430142529)
     (3.5373667633819430023,-9.204895476283445177)     (1.8798638890260959133,-2.8592292799084031429)    (-4.7709619180095863555,0.23245949165702364803)
    (4.4617751530171343433,-5.8438111178641669596)   (-0.11078591784212238336,0.49777819276757984124)   (-3.8900420686642127599,-0.56959463234846674506)
    (4.759356309421103326,-0.21306618183750480888)     (1.5230470923696490804,-2.8840634438961103569)     (-4.0007223283503225986,1.8724027890357652915)
  (-0.33286871657463007468,0.95553950515794572329)       (1.853704187435056383,3.5806463756867721315)   (-0.21088168135080531673,0.34523234483334430678)
    (1.216657035726360192,-0.55367782437156343178)     (-1.7094872618494270089,2.5567760259278591306)    (-2.8982325155789823157,-1.5384646873112484133)
      (3.5707439721033238378,5.855431951288343484)      (2.1307622467890325879,3.1035470623828786962)   (-0.72423415059255114024,-1.1655403812443103639)
   (-1.0879821730226262311,-1.3927342008374790083)     (-2.4970747437685174575,4.8608628416341286282)   (0.86909883105788132696,-0.20681052224708582066)
     (1.5316494013785593165,2.5172424479169186462)     (2.0793555735906066317,-2.4360250775575407189)    (2.0770405762492796242,-0.24367611656617024773)
    (-1.8953576312171236395,-4.771080101299240539)    (-5.5698645030504243536,-3.7808750813191274176)   (-0.95252952601596907467,0.90313845806496872992)
    (3.2578261962427044196,-3.0373163824046107706)   (-3.5173606274516195924,0.088518435284611535208)   (-0.14357236889262509072,-3.5878125547242811777)
     (3.3290983733067527339,2.1429032650639148194)    (-6.0448350317938661647,-5.2957570489897110022)     (-2.1258398944647147744,3.1572008880682314036)
   (0.77684092612058264216,0.40748622710975179739)      (6.9402172395521963821,3.4262782806986180617)    (-1.5587791505817665261,-3.3276624226767448356)
   (-3.1000542144906551023,-4.7775263165761048256)     (4.0940410535120159707,-2.6400318402287465958)      (-0.882472236398730292,5.6790722478288726549)
     (4.4784924373022221289,4.0163600760896276398)     (2.3425707077217508001,-2.2929817765883000469)     (2.7386618235276909417,-3.1148169410690971226)
    (0.40844354610744182388,7.3222546346121735183)     (-3.2526723520300642178,3.2054630262742200841)   (0.45293973450234198408,-0.36610312663875238526)
  (-1.6861789892380958378,-0.53896674930028498629)     (-2.2217191150553072809,3.9168478910069364218)     (-1.9731701007524982128,1.1355240177979999405)
    (-0.768440619166853911,-2.0519456293298889982)    (0.34933230696603051468,-3.9949515006984004373)   (-1.7161767856808021193,-0.94729227427428197572)
   (0.85695138792250080684,-3.9692928004983123458)      (7.3150036192723888462,2.7581867488947726663)   (-6.4358933102625677236,-0.37877343492413384496)
     (1.9765708269280999332,3.7730245938421367313)      (-3.102217976756333595,7.9100525638010239504)     (-0.90450045621759933567,8.225055311734880803)
    (-2.0763777712502440309,2.7545009261940220924)      (3.8723534461522803873,8.7754894349588870028)    (-6.7041126117774050286,-1.1648608050268791647)
   (-4.5691276787621868394,-1.8283815629531205982)      (5.058196536719756331,-1.4586440224224661577)     (-3.3194497797062250122,-2.538494249759943866)
   (-0.31653350812369746015,2.6944614225488288106)     (1.7164534899718393302,-4.0650242168297232581)     (6.7918027483015288581,-1.7550167758178814026)
   (0.30022928471378779181,-6.0956180982895569187)     (2.3750683559025591585,0.64283636233730634402)     (-1.8502464918618695133,-4.877007300737758122)
      (3.134838333702193669,1.6888127391443363834)     (-10.664673768340236393,1.3619815679416442666)      (1.9646881543987595453,1.3326365727997544486)
     (4.8233814891091348898,5.2827943179246341643)     (5.0214644213769243919,-5.9488323644744616203)     (-1.2946295144335613347,3.1262545907792742561)
    (2.6187116651295876402,-3.1442715204774782656)    (-6.4381660341494644229,-2.1372067696639418521)    (-3.084145456140084729,-0.59907496474550592236)
   (-4.2071525852009443724,-3.3002179146541812393)   (-2.9893091855633340259,-0.68087015246436077831)    (-3.0904433346330830723,0.66198694022199044973)
   (-1.9945889772580354116,-2.6023758193973351993)     (1.0760681823447832972,0.68813411152859860209)   (0.86294515214209743803,-0.87925373192178779558)
     (1.8617869897517325128,6.9424056304364665237)   (-2.2964485441353574835,-0.79149873792927760707)      (1.9464781574028433564,1.6057105255460610849)
    (4.4937845737992558881,-3.8784054303720805201)    (-4.6227420209898895109,-4.5595214897626350492)      (-3.236235526543080443,2.8408373016872490169)
   (-5.2879296085443012743,-5.8112078347120901256)    (-5.3804697989066880837,-3.3325897860063955491)     (-0.41411295774646189605,-3.56152138728253842)
     (4.2908899738039183447,2.7742022243537660664)    (-3.4595415588261304585,-2.9639348352455034963)      (0.14984407606207855723,2.783686680387345902)
    (6.0343547383401361373,-0.2965347361337996035)     (-4.4310232516280914083,1.7656753364443147358)    (-3.0150518338099909776,-4.0208519810276612816)
   (-3.5358980586694497283,0.50664249850036935374)     (-1.9610693991923500157,8.0871150468414381152)      (6.2874355637958903031,3.4112991759757358423)
  (-0.83043055209018290519,0.67155489379348054513)     (0.18174989180859152382,4.9865931320267389282)     (-7.2632518530469587503,3.9895275553956688341)
    (4.3999134698938036081,-2.3967424428375143641)       (3.323749593205534314,10.251997439534420664)       (3.6617873057474983334,2.380013450370221495)
     (1.0190293250979951534,11.218886201652065182)      (4.1412762944653334074,7.3167535723910921419)     (-4.1212386676260903684,2.5074124575952536631)
   (-1.1328732790413802434,0.56194664519136261482)      (0.60971097006747831948,2.262283937560396474)     (-8.6657885823530875768,-10.47725730141459799)
      (3.3562798724271707407,2.934980517440000547)      (1.8111411538622677053,1.7080981098080358915)      (1.1766648198808629111,1.5608811835430820292)
    (2.3426001123381832159,-4.3315714398167664001)      (2.8534921317658423767,6.3184911797201239736)     (-7.8101515033165131996,-3.079111262293743323)
   (-0.9946506141869778661,0.67675529890379004794)      (3.768302398729557634,0.22203818033498023965)     (-6.2623530477714224318,1.1511685909331581534)
     (1.6300590572542477119,4.1433934460512418241)     (-1.1996073348357121358,1.7399930271655390523)     (-4.0547392749246258248,1.1695623534949219913)
     (5.1639570661088054493,3.8950681543283627306)     (-3.897528416996922207,0.48737301178920655609)     (3.7543810326986388759,-1.7585550986453613032)
     (1.1185468585129210162,6.0864484517100505556)    (-5.5827220564344619547,-3.5144668819017401695)      (2.3082543941139568311,4.5996167090694033419)
   (-4.9005779156708637601,0.14523652613468079897)     (-2.0650748921137331848,4.9789388208614528963)    (-5.4301689713543561666,-1.8293702869952359613)
    (-1.4194599488688341982,5.7733597416908315481)    (0.75159187047450581876,0.97744877058277912507)      (1.3419281741445781009,1.4270208984788235185)
   (0.96999649281701760817,-2.9779829684564664838)     (-4.4919228447508983137,4.9497726673898094774)     (1.3646529862931506827,-1.2921976521608931066)
    (-1.576925728432336804,0.66944946038773700536)      (1.5616289557071378891,3.6844428115348968333)     (-3.938848635923934971,-2.7462727297449309738)
     (9.2009116542214677281,5.4716427535583900266)      (1.9633007092629175538,1.7277747678125361386)    (-1.8204985508252800042,-2.2429830844115108412)
   (0.66373868479870623549,-3.5913452919011783493)    (-4.8485287819615825455,-1.5131558965913121106)    (-3.1826228080850627045,-6.7231949782745887845)
   (-6.5202817767240057734,-4.3997510987505457081)     (-4.6515682036725305437,3.6197836665093099384)     (-1.1120822147259747936,2.0747220413950122619)
    (-6.6756179126558752301,5.2676591945336079803)   (0.83888436914479880269,-0.37211826486897636723)     (-4.5056163172760550495,4.5441846534105536648)
    (8.5406777615864193365,-4.5538466325154658421)      (4.8512248815744367647,5.4483721706291028397)    (-2.3595852699557640086,-5.6695038748691626296)
    (7.4454210901934585465,0.89145872538754489245)    (0.017090690366611607787,0.6457899830572982891)      (-2.663647159453971458,2.2801413735501632196)
     (10.186509499709925919,-9.420298444029839402)     (-10.766630548286583391,1.6940854132741565152)     (4.6289499813412700036,-7.1230703666295447363)
     (1.612958422227683597,-9.5720924683961801094)      (2.6744173109479292272,5.4230754349169449924)     (4.8065281703101661037,-2.8912890977105942802)
   (-2.6177979371187198865,-3.4899317088115648922)      (-10.622733585743640461,5.087882688794291397)    (-3.6536790097964551016,0.24516745619006247159)
     (-3.8896672882044658337,2.733885143547060359)    (-2.1704730170238275555,-5.0287037516280959082)     (2.3001885338769820777,0.27083525106085581946)
  (-0.11833998558502137333,-5.0558935058197942425)      (-3.365952188312465676,2.5770548243402107147)      (1.5090780682050470851,3.5106514724083819345)
    (1.1574316704144633761,-3.2529789636623673843)    (-0.65655010146078462974,1.4861296335473863639)     (1.2073225635473330275,-0.2361233100816473307)
    (-1.5956043126092449569,3.4336225493770462514)     (-1.5697938658514982713,-1.780664803596901713)     (-3.0436159230256665253,5.3644918986529592786)
     (-5.1816016674128242414,1.731720788775699571)      (3.3269679051086318289,2.2331453543854751231)     (1.5818083800280573481,-3.2895980351636211481)
     (-1.712658516460511704,1.7792763820036388012)    (-1.8854825087381352766,-1.9773974190716905319)    (-1.5822005726680967719,-2.0097239858754121222)
    (-2.4967319899530298066,2.7938393799817120566)      (1.3625804230808848949,-6.013212902239441604)     (6.3142761034287930855,-2.9250085683662234715)
    (-3.7216464157657722645,3.6880297986846257707)    (-0.16119604955832059212,4.5455001295700201425)    (2.3711106875608076727,0.055112767159321923716)
   (-3.9207559790259440824,-4.5521172357206189929)     (6.3388382272697390007,-1.4730806983123680975)     (8.4506160854982450559,-1.8802234122151282314)
  (-6.0083648666293445473,-0.16862208134840761531)     (9.1475208402713583666,-3.4428708636968141654)     (-7.2438921845486854423,3.5448687410122636798)
    (-2.2390434727476771215,12.776428328867044826)    (-10.077670385508749717,0.69052018696811157117)    (-11.992168659381858831,-1.9834598171312316506)
    (-0.9932481959867285326,1.2137913020279458287)      (15.11225616722500753,-2.2972416629565164392)    (-6.2513617648658144077,-12.446188405373641572)
     (-1.939581547746787038,8.8381134937683576425)     (10.299358371433648074,-2.2418872207181452794)   (-0.055997590112186718114,4.5821482048527633069)
     (-7.550299285978551822,2.8349612723047381557)    (-6.1670784758060976927,0.70831910170296519258)      (8.9015150229588773101,-5.634010980935198809)
   (-1.4912111454286793855,0.67492674995956791761)      (4.733997869135420089,-7.8651871363162140227)      (4.2989349756131192137,2.3310648602526362616)
     (7.3627908604586549401,1.9250749479922149021)     (-8.6138401690264849719,2.9121650842846480423)   (-12.858727713953070904,-0.28022249796518372555)
   (-1.2292874228705044093,-5.1054871021175642909)      (2.9365144303139687487,2.0746134720077016311)      (2.7572417371382256235,-1.065658066038336349)
     (3.1331338116801865645,8.6672443880699496788)      (1.0611546027507712253,4.9951416559362158409)     (-7.4602463142587494005,10.473775117372966292)
    (9.0110352733127800917,-4.5577994845849039152)     (-3.8827089147724165308,6.0055273516733782557)      (4.8620756497737298574,3.4409132282075183262)
    (-2.5619957608758845424,7.7891509983245867943)    (-5.6427252835486925164,0.37122202364642820083)     (-2.9045380806992002753,3.7350267850785301427)
   (-2.9791059283607523867,-3.7516357201953747236)     (-1.8937206632624292713,5.5969599751623659856)      (5.4723025657986292813,1.8563470042817244998)
   (2.9256107244944131729,-0.32531545989865484625)     (0.28077208060656327904,5.1522922771227142036)    (0.012700812265018852909,1.4974605301981780414)
  (-0.24562186911330669004,-2.2224778098072341947)   (-0.45894932159098439373,-3.4537728169769730258)    (0.28204292010124559775,-2.6604764370735081158)
   (-3.4527043748711854221,-3.5147055956734343241)      (2.8753588713125282084,1.1209282930382393761)     (4.7029845308157041117,-3.9130230535282177762)
    (0.39517121951357747633,6.6378435471607284413)    (-8.5590623872722790821,-0.7628938553696952285)    (-5.4660481054997847039,0.79753067399511601288)
    (-8.097398353753439082,0.31071871674394857532)      (3.9660883968601292615,-11.03781223710812931)     (10.833545260681104239,-4.1200586764478259738)
  (-0.72699047075462741585,-2.4150029793529785849)     (11.149264264610577513,-2.0389088181200638594)     (-6.2716262138450327157,3.2523163872792846263)
    (0.42049657893644115658,1.0693180723255992781)     (5.1167336452629763599,-4.5838749410065284806)      (11.429897389820485643,9.3689690332821840002)
    (0.88915304119972426999,-8.495760144964599192)      (-1.5101188817969206646,4.677083398284427318)      (8.2812176734398672551,2.9177799466609148915)
    (-9.6592256149478483707,9.1447367656409515035)     (6.0182465259756439124,-8.6090883810111407115)      (1.4823449552497862669,13.433585288693446813)
   (-5.3192421210637474971,-10.603827935613796996)      (4.907034822817811559,-6.7405120793990498385)     (-2.8752429311005216483,1.6536457836583291492)
  (-3.906181348785621843,-0.040761202662969807375)      (10.937645509038702585,11.552032820749046138)      (1.0445881364431921501,11.832046177652326691)
    (0.91631710677211675176,1.7210369030707013405)        (4.5889423976700634,-7.7535654786403798155)      (5.9587969295204139542,0.8739649671971360112)
     (4.4217725530385321164,13.813799379627061725)    (-2.9114456192467632611,-1.8949474150966210129)    (-4.1222405677837050675,-9.3167404786456078369)
    (3.6238728262454777962,0.22894162698234024611)      (5.3901992701370797789,10.347261267140929419)      (2.8900111213718604475,1.2285978825006653725)
   (-6.1262639974882286964,-1.5051331513360963754)      (3.0105979908146824897,1.7869301085225239856)    (-1.2528499920052358352,-7.5332968216829065966)
     (4.7468963131329582339,7.0341958561631310332)    (-3.5090319550546396066,-3.7776148976702552673)     (-2.5974899286367163498,1.3312107034782754145)
   (-2.5815526177335677005,-3.3342121897689973586)       (2.716481017034264589,2.4670017265173056487)     (-7.1151781853445275061,1.6975089868785269154)
     (5.8236395035433039524,3.7071841158720206799)     (7.2746961977356177087,0.41860698998024481465)  (2.0295269025388447126,-0.0066494390533826386314)
   (-0.68029769419748098436,-1.498510535793772025)     (-8.6120017795579304476,2.1264351153651919191)     (-5.3679903506123487489,2.8702154657792187109)
    (-1.4726441219105548264,1.9448581487700729031)   (-0.8202011535617141913,0.015860611987311361293)      (7.3678301488178794543,5.3511027091708198711)
  (-3.6963297051105081792,-0.41314168158167335898)    (-1.1418464674757937694,-2.7316825668144391059)    (-0.10565908327934098176,1.7303422539135213665)
     (-5.089545739133642499,4.8218193817316850058)   (-0.69443323210613527863,-14.967284987219962034)      (1.912649249700066223,0.80898395460071881313)
   (5.2109444451126876174,0.033847712438896858378)     (4.3825649733626637072,-1.2197066037428327956)    (-3.6641743401447088857,-3.6372187875121966272)
    (-3.1177607378151082074,20.771421639027884964)    (-5.9548686355634208311,-4.6642967473513525789)    (1.1630205882892845626,0.013315432347449572895)
     (8.5978529463960704504,11.449767673749141395)     (8.4544724277408089819,-3.7845476062235401393)      (19.915041814359064176,-9.374276312055814131)
   (-14.787754984428159943,-18.985095959839721758)     (6.3005223454874537126,-31.939741504981665088)      (13.409198918148108604,3.3607103979907488878)
     (14.179463397266005131,19.974646809848117357)    (-3.5660853485671077934,-10.741227318191389983)   (-17.039961429813168081,-0.73143784367748931885)
    (-5.1126727504946147818,-15.47851229545341134)    (-6.6255711085569100049,-7.6433534259371542774)      (8.5805690123611793041,5.5432692502767633158)
   (-19.88073317292899489,-0.27157552366782045095)      (6.8208240943407441037,2.1269551804396988892)     (-13.312163756676053339,19.707595922128838595)
    (-3.7976750259256171205,0.7809812983697408395)     (-3.6317774321654900938,1.7658296750818813781)    (-2.8672563140258029435,-3.5244955127249442128)
    (2.3262517074921302829,-5.5875297388746512084)    (-0.26435546762917416785,1.6780515567837288593)     (-3.2960837445103083887,5.9325063937053386098)
     (8.4691381713569917622,1.7433334268660849453)    (-1.1295003992937464599,0.29199973687768021602)     (3.5073807714822384796,0.17032072144204532527)
    (0.4387294720978141549,-8.7879982348650536039)     (6.9177296767873075467,-3.9560530772827422474)   (-2.5669798744362091192,-0.92203044714928861225)
     (7.9291543171227036879,3.8145495178126371805)   (-0.43888428823948566482,-4.5724165179987785734)       (6.592141274457029354,2.5072269931165953594)
   (-1.9324434542858639485,0.25505318879575950008)    (0.24827683557278618087,-7.6006601287588084759)     (4.7409455981936741154,-2.8880823300932636499)
    (0.45438571442689679181,7.8028036042029471631) (0.49376336766284134594,-0.0090670857477744924019)    (2.1923585014617916755,-0.20911407374961002437)
   (3.9138293947781312987,-0.39594627739643439845)     (11.570613150989272455,-1.1773583999249725984)    (0.45137868529444813426,-2.5748300873235878683)
    (0.99335830465159657976,3.9926147959585027714)     (8.492759361632332471,-0.98908889689142387436)      (4.2795084087675787643,5.1672415072994803964)
    (-9.4656152351467799377,1.4400553081032494429)     (-2.6513107901424737278,7.9306538170862985737)      (5.5103341897498179236,7.6255119881961714867)
    (-1.3587533288642423823,1.5017582760077783366)      (1.3262924299356340097,3.6804105238740594253)     (-3.8329882907112358126,6.1978856204385106565)
     (3.1496800113404255228,14.058019743850817207)    (-11.391125685495412156,0.44696440023179434542)    (-10.956785682274995608,-5.9435438590742144527)
    (20.474747436822372748,-4.3962967772417593793)     (-32.329679110373589879,4.4673137094255928048)     (-24.164983526715854367,11.360278959202993576)
    (5.8202998751157801749,-18.559958405371734358)      (8.6987277971923653297,10.338047908362346661)     (10.463665057159108329,-9.0092753999612913418)
   (-25.221206445784876138,-5.7561704252426997286)     (12.496005040948512388,-14.456696860379123493)     (22.380507339447536452,-2.1930128477402797138)
   (-36.737059311468101441,-12.499226304262350595)    (-7.9975401961789156502,-26.648549139936893226)      (18.790010382596754823,4.4932178696805635809)
    (7.8673984803970178348,-12.923419122874800991)     (-17.059488705419347809,6.1777086051195579941)     (-4.9644973726776466805,22.775245763598018556)
    (11.515213059997096323,-2.0410732730612148877)   (-11.499846694250333456,-0.80968496422141056357)      (5.3972756791268112764,3.0447461429587345805)
    (0.39597498769966821275,1.7927936895425187203)     (-8.1037609705006303784,5.0399122534925897554)     (4.0173667031645932113,-5.3183408163394689794)
    (3.6083492657451632368,-11.287860451147956553)     (-3.2270369385586645805,10.372859293791547586)     (9.7787979886846425615,-2.6667789350799253612)
     (6.0630270270104391628,1.3687138848257820456)      (-10.65564785665333325,2.4756424091871487292)      (-6.12422878508117563,-6.2387360767652628724)
   (3.2349417889258855752,-0.58915366994149864777)    (4.6854442645166543002,-0.45064316476735649664)    (-1.3517166998388336907,-4.6944567608716472051)
 (-1.3673292883607521819,-0.097154199875634075778)    (-5.5515686825267911431,-1.9173159238499635215)    (-0.25866213669217391624,1.3059065670792211478)
 (-0.84179782450618945155,-0.16661436163863027615)     (0.71657667628729160292,4.0137289819598356289)      (5.2860044365287102153,-2.155052895927076051)
    (3.7507521714816354219,-2.0659900573939617985)     (-2.707135431123325553,-4.4204025972104110664)    (-1.1075983568658409606,0.73704377715396096615)
    (1.1058654340285436479,-5.9792793879121948208)    (-1.9140082023895483854,-2.8164933622766108456)      (6.2428377069666467492,4.6825207164673470217)
     (2.0188113967130805193,7.1164573056751168068)      (8.609687928690798131,-3.0863824949018900945)     (6.0286552650633566941,0.10297682989000292442)
    (-3.5222575218012956988,2.9279764672452834873)      (-7.934404775818496347,6.3959903021616923979)     (3.3076852977679314094,-10.805252157461536555)
     (12.104429709052057618,20.065565283243934402)      (10.61304749837163719,-10.372175416231344869)       (-13.0800118214100074,-7.027977863943425163)
   (0.57672886055907435221,0.50755475983679299024)     (-6.5732652974753555952,9.5339818472238757607)       (14.000774709489510528,11.09804344510718721)
    (38.072433005065065004,-16.273673533039840322)       (34.241650556603900668,26.51289993487926111)      (68.817078889262148778,7.0609731292514723577)
   (-68.996163747112262854,-57.829879320991572911)    (-1.2019215436339605318,-143.43970309454931567)     (-61.224697068872060868,69.326318879284201557)
     (3.5076194263009221608,13.498573365682098313)       (23.19230176302275126,5.1996012820335053561)     (3.8840731508177204212,-17.766972766208130707)
    (8.9695113501300394176,-12.288099817298830274)    (17.645616886414945412,-0.43027714065143402022)      (18.842500923902552046,12.171906567590497161)
     (4.8830368883208832287,12.514337907419312401)     (-3.1622215648707934221,8.1547364391372294534)    (0.085627655363546162359,4.5912710861024406128)
   (-1.6558687491490975408,-8.7794794241324893846)    (-4.3516554125002135933,-10.153516505052257557)     (-7.5860780385635946388,3.7475922140242152736)
     (2.2160219588422043202,9.8850181011602167302)     (4.5186938773046652074,-11.823136372270777628)   (-9.1457434258082663803,-0.69045583480024697032)
  (0.80943783570982341669,0.011114654887752341977)    (-0.55520193389075966905,3.6690312675545313503)      (2.4172117213852302164,8.0395738347862337747)
  (0.088432238925340800328,-1.9044988151172068669)     (-1.2600189899609008926,3.1635145829774482529)      (6.7476384660182873176,3.0908136721776644507)
    (2.4083298754900868133,-2.5156776764244490607)      (1.3973835878167346625,1.2058081814174750335)   (-1.6367083752884112879,-0.73347392003512812408)
     (1.0162283313337756585,3.2670594275199218437)     (-2.5628057240172634756,5.2093557390944118524)     (-3.1409052786163043081,4.8179463847881889293)
   (-2.4082388908983558551,-4.6836929028906464367)     (0.65162030183559327412,6.2023828243803711402)    (-4.6578187562731478977,-4.8520155169564436193)
    (-4.0738439603942815381,3.3776456629761590911)      (4.434559134031662353,-4.3500179325425110122)     (-3.3783430308483022309,4.8835268280661257023)
  (-0.57552538106540995777,-11.291028753034735743)      (4.1148500243359542594,11.042775703097621687)        (1.288204512020931336,13.47412169832521478)
   (-6.7697162755452113814,-11.912482169460066217)   (-2.9157367993954932395,-0.53814174354813082424)      (13.558468022026348265,7.3890037679154874084)
    (-5.9952466816237182101,6.3266382514198209464)     (-2.5117551905394730483,11.330288786435099624)     (-2.3365382055008061535,1.8219735462319255337)
   (-20.926641228809025108,-18.336290812626486968)    (0.15700117490476309112,-1.8450892682348734031)     (-19.876822316450539319,6.1018352865473586277)
   (-54.933292624897575251,-2.9066484380962176459)      (-18.36452675268501622,5.3019140860464712972)     (-5.9928261212406388481,17.624673389148430402)
     (-29.61291173394482712,28.598160104464671605)    (-9.0817852907008447261,-33.930996216131937615)     (-30.938749967591633094,2.6503167406678755924)
     (31.231391717271417718,13.166800760993245589)      (50.529790304838549275,9.0081614007449015702)     (-10.858650047128719507,25.641197752892558981)
    (-1.9518854760526087588,2.2672800239104176079)     (-4.7845899031820957603,-5.568977572769961526)     (1.9277372503901766265,-16.637058170396596068)
   (-25.448117618128438977,-6.7416464305167123072)        (-8.5793878379332007,10.426237201530939913)      (3.1782139397033111194,2.6326956699688546237)
    (-7.9321388528377454463,1.1457358629052032395)     (-7.600489155110419226,-4.0453592229003545455)    (-3.7960444497005543241,-3.7158798004034667706)
   (-1.8187073864894511832,-8.8884344785784836773)      (6.9894083472175259075,-2.986004901072526696)     (6.906046255460186245,-0.36865178241039919804)
   (4.9459349926714413215,-0.30518048456846036398)      (8.6198349218282572792,-2.069759697663954956)    (8.5560016581127751323,-0.12611558355414903554)
    (-3.8117262117765142726,3.5387016049605386492)     (-3.9072337787727899894,2.5329360153037518977)    (-4.1017953902152575196,-5.8457350490848938307)
   (0.41351871373100868023,0.40229667866530866016)     (-3.1420548608839045102,6.0986738274357410461)      (9.0529440504020985969,1.8670136369749645855)
  (0.033164985492941043144,0.30075533095722445376)     (5.6880624149853664662,-4.1684123773568666493)     (0.44426790682631334128,1.1328940833391138998)
     (6.1610128104149497474,1.4114255015135164228)       (5.0279222497902384958,5.164214604092132177)   (-1.3050453571927487229,-0.39274613454734802476)
   (1.0322056270171537928,-0.92636001842569715148)     (1.0851176386626624204,-3.9886156259078004993)    (-2.5082133124527099532,-4.5985099211459017354)
    (-7.9379657736342155161,2.5646158228053348438)     (-0.85235029751741098192,2.969811169276499907)      (7.4468327642673202149,2.8226971195064889386)
   (-0.36259782309251104016,1.7534292148084638097)   (-0.72106119072972063577,-10.348760976560587466)   (-0.020236297260173959078,5.9997892865381485805)
    (-3.8120421542079845345,7.5237044067130991465)    (-4.9449667888356154677,-2.1923943475927818447)     (14.833134829100636409,-4.0972732181091480186)
    (5.8951266695096897763,-9.1426047076581458128)      (-10.921910542969389013,1.151203290561022996)     (1.1459934929556108152,-5.6119361911437932733)
     (-1.5370160660771776673,17.25755411803374173)      (33.994319367998905079,7.1544736208171668679)      (19.466179802571922153,20.520151526819468302)
   (-7.2464656578952881816,-11.053278650265953686)    (-3.0853619910213954114,-4.7697972625990763262)     (-4.847621426177670223,-11.571130895534476934)
    (7.0950523646040224435,-11.967345254728106951)     (-9.295976611691482816,-11.117861476542499233)      (1.6358468693122196758,21.581392618258139038)
   (0.61718580936250699853,-9.5000282803936553222)      (13.438693704620005676,17.907514092249165572)   (-0.76643223062838305992,-5.4024161625926305774)
    (3.9285873539008191457,-1.9242181132030375945)     (9.2698470654852069828,-2.2583956421065942699)    (-4.0990256133056002241,-8.6585331736236721412)
     (1.7139405006328398695,2.5696915952624670432)        (4.193698441403449273,-3.23843967180404535)     (-5.5803983123442586489,10.348511285151444028)
     (2.923087727494332988,-5.6722213317650727049)      (3.3068058820199039971,5.3300887154990865824)     (-6.6432620243080533484,-11.87798172443025102)
   (-0.42621854448463247778,4.0686370640616740246)       (1.2882577915313209171,1.533035225872233287)     (-0.0545867605394521338,3.5942409971380451239)
   (0.66456204669859797463,-6.1926177152106154367)     (3.4912829255520789751,-4.6047889774705206278)    (-2.2790381676316036064,-6.2635321367132235082)
    (-3.0328637445698318764,1.0767793344198270944)      (2.6303245636958534348,1.9609436881402968478)     (-2.5014318023283514947,2.7008354747410985297)
   (-2.8287696345132502529,0.89202298151102443757)   (-2.8419660157633841457,-0.52959175455625839835)     (2.2281331099761838566,-4.9837158879545011558)
    (3.8690866627482276563,-1.4632996246635510129)    (-1.2695582054310379228,-4.6480169328840679199)     (9.0251590920755706549,-1.4918733128269701105)
   (-2.2565303029581862404,-1.0811007182884253552)     (8.3220179924183383946,-3.3899815594924165296)      (5.3352200363186899068,1.8241523214193053892)
   (-4.5991282842569161105,-9.3126158795382067979)      (1.8260194372520615058,3.7657282327316279336)      (2.3254681548207440933,-2.493980415161790809)
   (-11.357452352672822826,-5.2994193728468301785)     (-10.171175413335312498,7.1288126552176285244)    (-2.3753223935061336114,-5.0589801434853942652)
    (1.2428258573015227295,-3.2580229114213112851)      (11.087634278932922527,-3.739755689123574367)     (3.2792884016900289978,0.52449944474826193375)
    (-9.1202483591689631481,2.3114769203519713869)      (12.489346891884327562,11.519044657358794126)     (-4.3442842388891147465,-9.376040031541279518)
    (2.4944696164893502832,-11.928498170025791936)      (-1.398145936759922936,10.645212336783997031)      (6.4437118844115293115,4.8068126291947903539)
   (-9.6431220623152498206,-6.4008670913433531879)      (11.624718158812296309,8.3926608345702238267)    (4.7484566136759847055,-0.41416371911564009434)
    (11.051439684040305522,-6.2975084291044982621)      (7.9099772319312950941,3.7916416455354542414)    (-6.0469466548225696556,-5.7798492808000574428)
    (-5.5005075767924980212,12.346427570950774921)     (-6.5705930491235342572,5.1850075110296449665)      (8.1285102207073371972,5.3060736628468676557)
    (-9.9355446042971991005,2.8640207995777391403)     (1.2918927141836811234,-9.8250978924494738465)     (15.365809608982313961,0.89567050350932431169)
    (-11.950091734422141343,3.1874372255447567248)      (2.9496699650253086489,2.2787892957273134797)   (-0.13220500164820647715,0.19905818869395391912)
    (2.8661800668065455788,-3.4903514335850673866)    (-2.9495741914462914046,-2.4562450716352657309)    (-3.0701996499191390733,0.69180424624139236212)
     (1.8457588422689255037,4.8490708280140717434)     (-9.988239339374308301,-2.9803950128881959714)      (2.2453531808354942889,8.9665050885353831944)
    (0.99374974088209133694,1.2575874510047506671)     (7.425534221708857352,-0.19784618382692439886)     (7.1458626338090702745,-1.0040876659987356678)
     (1.3452667676029008703,6.6853158555024068121)     (4.8082252637583993149,-7.7480678015936774727)     (1.6289179150778976268,-4.8934818669510464773)
      (-5.07106307585858751,2.4299671381049088303)     (-3.8086228892745692676,1.3878218901927792395)      (1.6770237365390914253,3.1333999205919003117)
    (0.24600913010753688859,2.3666744757300932633)      (5.1458032625262930537,4.2811276621716265467)    (-4.8017203955583322994,-5.3411580520501482638)
    (6.7164034217460750753,0.72102868141256770684)     (5.7453725108559225987,-5.6263093639873611451)    (-6.3518506193164263607,-5.6194864692211767832)
     (7.3794115330850162948,5.7017581517545128378)    (-4.2032092731046137857,-7.3775511751388904713)     (-8.2526839078017939499,8.6308088928911832483)
      (3.5261811900920307927,2.353808501500899375)     (1.2115533866725818335,-6.2538201682072180887)   (-2.4908052544693450869,-0.91748987131489034841)
    (-4.1955556131020239619,3.8831352409293642403)     (1.7933434412277529102,0.92222055353534881927)     (-4.365807545847814275,-10.726711144360173478)
  (-0.29883137639506401895,-1.4638203076937135183)     (-12.654397080715611423,3.9649907763130585181)      (13.465491648055909479,2.0620509545693397335)
  (0.17962669562157554393,-0.91099866017626096593)     (-3.6589132057724338409,1.1184246735218583702)     (5.3023072690348795888,-11.625504571782922625)
    (-11.714524286571766254,2.0020814162847413442)      (2.4546805516479861531,2.4770076676431780349)     (4.2583525054522191056,-7.5662566297319893138)
 (-0.073328896942133139913,-1.4852734014905559778)    (0.46877809504039225086,-5.2099137734653639953)   (-4.2716636085175618831,-0.51312390587485467996)
     (1.3627177948717199563,-3.717227676980675799)    (-17.114868354290447172,-3.3693880743624475826)    (-4.6611043567482619565,-1.6030641477265097361)
   (-7.5608594840289216066,-0.4023485039317989953)     (-5.8330978284082899421,1.1290149773508146858)      (-4.1053637010681214292,3.070740311513064924)
    (1.7566634004928518564,-3.2671992652460994933)      (5.4233922400566045852,7.8560612932255518004)     (-3.6357298525098902253,6.6707117409053333645)
    (0.82244665206951761416,3.9851564925684108687)   (-9.7028988426850695248,0.048358670640991419098)     (-4.427568111750236568,-5.7096378035355499492)
     (2.5046004637779519797,3.8821487736611590691)    (-1.7848217653185673992,-4.9715127335660724839)     (-2.2039282328293601232,3.9640311159875505354)
  (-0.23389217134350062666,0.60421715302324507935)     (-0.9180856686983184245,2.2452403940790803816)     (-5.1293088354265545803,2.3643074596540025745)
   (-3.1171576307752366652,-5.5568244375787569922)    (1.5597898927839688454,0.062178093901529445098)    (-3.4958659359264649957,-2.4462522981096643804)
    (-0.8386746878423990692,3.0822254430244271362)      (1.6360612056495993372,1.9099648560306141665)    (-0.66972245713236289166,4.9526777408998023944)
   (-1.2457630775377024346,0.93131079195287291839)       (1.998342832759214982,-3.504328034376258838)    (0.55091953269400228965,-1.8895873879118039174)
   (0.70682388056228862006,0.53776832420248787958)    (-3.1797597297400823635,-3.3415319335137851908)    (7.7734225398759742021,-0.56234180398952893221)
   (-0.39848713270374136464,1.7868568033630147784)      (2.3340047358911082398,5.7219323899582414938)      (7.9396122842355350002,2.2044335535248116287)
     (3.0021640884366118662,9.8975072510386166158)      (5.4888743953263761099,1.2500733811580135857)     (2.2224019461445823076,-7.7203786724606127123)
     (7.1860252407459865864,5.1352787944473599069)     (3.8901203830731323485,-0.4338878022506562071)      (2.3679439299857514278,1.8042483963721178686)
   (-5.2126047966271036316,-8.8690271700275360445)    (-2.4105452171147021545,-9.6161170350677718233)     (1.9300458594911735766,-5.3329741227676041859)
    (-2.8735078285169546319,2.1173059983202175971)      (8.7436481393907712345,1.4915155655181568939)    (-6.5291720663251053836,-7.6032532206801377583)
     (3.9603105970159981908,5.4724825869874527129)   (-0.70707026484570356661,0.37645680542311554806)       (7.4606789651385252427,5.748301202756112005)
   (-0.65978868410416469104,5.2649518513924142837)     (-5.242717464731061483,-4.7030115895659472258)      (3.6442429321705680501,8.3350120793409541164)
    (-6.9743702570249208605,5.4688277599994377098)     (-2.0042140494714080212,1.7302414436152437904)     (-1.6409877351987725014,2.7472546398065880169)
    (3.3516808188367335219,-7.0489637325590859263)    (-6.6407111392966742258,-7.2908733167834656186)     (-9.5668988555811793617,3.2115841470948458536)
  (-0.89169089765374354162,-5.7918979095726781381)    (-0.63117522555894833847,-8.031155998488090475)     (0.88990087582176702341,-8.029177503273803751)
      (3.71708527051132398,-2.7337500583859433156)      (1.4617404066319230616,3.6888808846392668883)    (1.0764549222759745017,0.052212392075699304295)
  (-3.4686031440024649442,-0.75670706737737225556)   (-0.49515327889071736323,-4.6605300246035703537)     (2.3546763930889311744,-2.3463291953915610399)
   (-0.36126739394361284674,1.1376290012289278497)    (-0.29809628152599870754,4.7539675670992096457)      (1.212150490323754104,-5.5598699382743310693)
  (0.35503311899047629296,-0.72554175599509251882)  (0.0043724484393916534034,0.49818450112066769986)    (1.6362375421304899969,-0.30236422758810155287)
   (-1.0751300629139965981,0.33644892377436347308)     (-1.061826295358561989,0.18632949422310335352)    (2.2172686447626772654,-0.26721742208903653815)
    (2.6991436735277560821,-3.1520535471294151009)     (-2.0065200570728847218,-2.496796600673619082)      (2.1425498819572368348,1.9709207735039733222)
     (3.6009344347748344362,2.9384608153908522432)     (0.81359327834316819139,1.0228326725562668642)      (-1.6307258644092976763,4.959260270568152329)
   (3.6256821185481142855,-0.64754238585806467299)    (0.84534767857855719342,-6.3113672874510449162)    (0.18140435297489801436,0.77876802382322962703)
   (-1.0607853401816358385,-4.4654594606435260573)       (2.88455913945689435,-4.3127829385976124144)    (-0.56834634808628192726,4.9942777232376993624)
    (0.64073823778716798572,3.3939642210986780135)     (4.4282709991838320462,-3.9134571535004445408)    (0.26727281281967391058,-1.0883592033819884382)
    (-2.1591248420590147816,4.2649633781702762647)     (2.6672782540260460138,-2.6096373053411521248)     (-0.16880611141500656558,3.705184973572467122)
    (-1.0883759969344817264,-6.856112312649035978)      (9.253474610651824861,0.95746526973792012161)      (3.6251927980291531739,-5.894628596598482595)
    (1.3586751250119402101,0.41126225481218758873)    (4.1872331072542081642,-0.90719124709075760205)     (0.88409294548471706321,4.8008978260330579246)
    (1.7498745410357350316,-3.6763438265529400084)    (-1.4224799433908645874,-2.5129393379288971211)     (-4.6166354365070887411,2.5804751536719425786)
    (-1.1480767071192912177,2.0965814737474723906)    (-2.1074019811359083754,-5.4052057599824179235)     (-9.9965268525805157651,2.3621705902277607692)
     (5.959834938195293752,-3.9478827491685186679)     (-4.2406396085463144985,1.8704222544477056012)    (-0.70784589011097776012,1.1875627273559155039)
    (-2.4860538281844202224,-7.165230501056333523)     (-3.7898124727014095292,-2.942552017232286321)     (-3.7657559724006124391,7.1566646994825653394)
    (-3.0960491977677642161,5.8778633993404225677)      (3.1137282281082065971,4.5659756840586043225)       (7.336446225770226981,3.6166354629993699987)
     (4.6461685072658625018,-3.761567367977975973)     (-2.8588430240004427674,1.1482120427397839446)      (-4.042234679691253163,2.7777563546115695559)
  (-0.35764961888667207157,-1.3418084670798524627)    (1.6255256313729047335,-0.12973002766066316083)     (-1.5596099330614958678,4.0077210994318024362)
    (-1.5205705619863518763,2.6664201267897458258)   (-4.3122024068194475532,-0.17095812571621524234)     (-3.4357494616148827049,1.0408888795942168315)
    (2.6364014077944872838,-2.1879485133962814913)    (-3.7777706791851830559,-1.9214825014820986482)    (-4.0777212402355651477,-2.1343439017250878109)
   (-5.2545787046809246945,0.65366381808424123268)    (-2.2716402994987712205,-1.1072937599351975191)    (-1.2926758938510989339,0.39447294126287685279)
    (-2.5116969843902769988,1.0154830992816503699)     (1.8990002527784404229,-0.2405175848106867742)    (-0.19905836133844595492,2.4284102693055817923)
     (4.8919765699276567261,3.1435033997595285271)   (-0.40286371556131511662,0.81478084920604498809)     (-5.227810459447603364,-1.0721318575023544017)
     (5.0430364288202440548,5.3273684943571568695)    (5.9174572175240180982,-0.51828506993830070204)    (-3.3071454130327357923,-5.3446580080986940686)
    (1.6328974291972431221,-10.021592101910554717)   (-0.13595153245907512507,-5.0781689957231028743)      (3.6864215846851866587,4.2709163497426194667)
    (2.1015997622723849858,-6.1876384607056502674)      (1.9543815359881391291,-3.615065105183212335)      (2.0223926834157621713,3.6772910497733013457)
  (-0.33412798709455615587,0.62367340439594476376)        (1.1305482222914808865,2.02057540699014071)     (6.0381045075426342805,0.38715460593417860835)
    (-2.042512155586723388,-4.4967170300136620753)    (-6.7248164594247867853,-4.0381633329444612812)      (1.9476813628609177531,3.8952235366957901341)
    (-2.3059777608972824581,4.4006439622340796092)    (-3.1987516441283472268,-5.1788183996429317801)      (4.6433453494523462268,2.1242063021789387989)
     (3.0417609280689847928,3.5874191843967224713)     (0.78745301339380702199,1.1025616707636651803)      (-8.94716237419371474,-7.6570278490186076681)
     (3.8914236668969302002,-4.830649885409551203)      (1.7178599352097059239,5.3489907908532225989)       (2.544588588690698483,2.2267802978546753501)
      (7.4938194120645489349,6.044674319713479349)    (-1.2896298096597502703,-2.4164111619074022386)     (3.0481988948254126193,-0.9482613414265501639)
     (1.6014084336217653259,3.7806102964505092778)    (-3.6056334585898475176,-3.6779593289480878582)    (-3.3073287598097627082,0.60953387921986490472)
    (-2.7961187587646119113,3.8300307219139138049)    (-1.3090088160774078219,-1.3114278765695777107)   (-4.0360365601815271219,-0.94096491182260089126)
 (-1.6906206618735382108,-0.070247135328752999262)    (-5.5243554411684376859,-2.2801443242347443352)    (-2.7157056188626298443,-2.9916091283944683532)
   (-0.27514660669141510763,1.1725584557514698858)      (-1.6289030973764575538,2.857251436133496636)     (5.2821779463674234378,0.12098954543790524374)
    (3.0567496466729431326,-2.7773136932771977925)    (0.86031955290432582384,-3.7619159326485385186)      (4.0878332249910744878,1.3346154249951414084)
  (-4.6286498151303758775,-0.79682140033113124655)     (3.7393568578135307767,-6.1504326422547741515)      (1.1438028258839207929,1.6900117852683596009)
    (-2.0208332370878547835,6.1617671840733869715)     (3.0720104070054641276,-2.7692921745863476879)    (-0.6749324163535526111,0.43040134625291320836)
(-0.41881215517429554174,-0.096446920271461913932)     (3.2105334883347684816,-1.6805870175760553309)    (-1.9325962225652566495,-3.0599811055336170185)
   (-4.3016170595030578383,0.72393630686112431238)    (-2.6227725785649025347,0.48220450634168093851)    (-1.0433452319953446796,-6.0287785217260259074)
    (0.51645385145319078202,1.4707159941273493242)   (0.56098077913161981112,-0.64940034048727623972)   (-0.32063079406295924567,-1.8721025005294409382)
   (4.6336362006450269035,-0.58029014346287466353)     (2.2494133605264692299,0.53432690246510805565)     (-2.0468975117914349759,2.5424148206663401695)
   (-1.0593727722273953429,-2.1362158427918740422)     (0.30471214162032966843,2.8312280088498020802)    (-6.4919636010411085891,-2.7742183118604302194)
    (0.48565750808115826231,5.9482508772850968271)    (-2.4062665748886793438,-5.8029144416196887235)   (-0.80651463607453777183,0.86893470774870718021)
    (1.9773553790720101997,-3.2134089611067495618)      (2.1180986230765337375,-7.037700360246953224)      (1.6601666800990506623,2.0756690539285997943)
     (2.0602663277241721751,2.5586838777512457277)    (4.5106427971030136348,0.054844783164027299804)     (6.0599577650362190795,-1.7162831287094224564)
  (0.76900857608986838976,-0.27847710203619802094)    (-0.83389501246259623013,1.8854482333949109663)     (-3.4687116052285000833,0.1810115235776599274)
   (3.7782445731201539374,-0.54456611089849416008)     (6.4455609042051236202,-4.4449501925474983466)      (5.9124703561487681469,3.2710370575314846597)
  (-1.7797565592377162513,-0.65511576310677044344)   (-0.34049317625187552894,0.27336167260497756804)     (1.8403674392545934513,-3.6476124877918745248)
   (-0.2521118726760117057,-0.8334782030994686286)     (0.62274209839455474391,7.1878990566494938008)     (-2.3489059163270677999,1.7906657175180793473)
      (4.975052231945482184,3.1154582853330663461)    (-0.70275288633234334057,1.4273553638784579611)      (1.611148386498161722,-6.9073929223497474439)
   (-2.2726828108325971556,-1.6020646475211324233)     (-3.2901077188290193121,2.1851980350539172981)     (0.20079654855155787407,2.0107031793327894142)