# Superpotential Type
Custom
# Physical Box Size, Power, Coupling
12, 3,  0.3  0.3  0.3 0.03
# Nicolai Configuration Number
0
# Solution Configuration Number
1 / 8
# Sign of Determinant
1
# Norm of residue
9.80527e-16
# Configuration of a scalar field solution
      (2.454129882626946646,0.4994087664875976329)     (-2.638193540922338709,-1.5069875841103357317)     (0.167105322086022412,-0.57329153891833362078)
    (-1.9955499034036479067,1.2869277421849920628)    (-2.0455944718639562652,0.46796194744452318526)     (0.40652232232963447789,1.7843936082894717998)
  (0.16461960442948550543,-0.36306098855847335205)       (3.097403906232139903,1.8051869588016344892)       (1.738517164670974946,1.6635536178552809972)
    (-2.0322766171908583921,3.0178456002892652954)       (2.2035403025171529379,-1.25601825880906115)     (-2.6862749097817810728,1.9980754330729058044)
   (2.8585731171565065267,-0.96417408059900633344)      (1.6822007993102769952,2.8492672342627201054)       (1.687313341763900354,2.1651624410029040035)
   (-0.22394993572847884944,-3.056202468801348715)     (2.5485370831655798085,-1.4249961599263809564)       (2.239272792762179165,-0.460273428491371428)
    (4.0717898796103391135,0.12527292517030844121)    (-1.4163514323622568014,-5.6285059690905177021)     (-1.7473344184691383951,1.7375042549675687731)
       (2.737858083156992528,3.424833453918192383)      (1.9004956693078181029,2.8001229955954358708)     (-2.5156759322444468552,4.9889003169744672306)
   (2.9084691707102297009,-0.85486950607652201217)     (1.4676479240201913967,-1.5528736154171876027)     (-4.2114368002540656377,2.9305986353256749943)
     (-1.8460193704153984307,1.834598165897765476)      (1.2997838215754995428,1.9290361518414509412)     (0.92594226031348914052,-1.290585981449818842)
     (1.4846041284271236371,2.0363484147635761978)  (0.97387727556471326285,-0.092118570885597508835)   (-0.99872558828132451669,0.64928750707206961401)
    (2.5080932321273508023,-2.5434312270360313057)    (-2.3716220552316911174,-2.4671093441570532967)    (1.7689691956654269855,-0.20113045152934905246)
    (0.31243983674649050686,2.2927434878872334778)      (2.2312986732837631898,1.2585405629762413948)     (1.7542480916163951665,-2.7141563849602285963)
    (4.0647995227956634778,-5.3669119053113645279)      (2.3428541779112239674,1.0801435459164270281)   (-1.1401647604356670573,-0.57397883664563664752)
     (3.0387267791678853612,2.2893857859073460936)     (1.6958358236474566638,0.38658094012769056436)    (0.14756299739739672794,-1.7753497780866920319)
   (-0.45198926522073229473,-2.237114981992818219)       (2.6549930635197833695,-5.77357074384372293)      (1.9699209108507829136,1.8955086380650345568)
    (1.3254191490897642147,-1.7093539584682730936)  (-1.6853673508127791081,-0.070124610365223244424)    (-1.0609418243807398063,0.88292880575057930415)
   (-0.69538229415971852809,4.7302453238810704406)        (3.62556721211357047,2.2894359662040861814)     (0.47120432969051417871,4.8637540109307328962)
     (2.6171095704548998917,7.8850088768244601667)    (-4.9342954810246437702,-4.9598308999514033601)    (0.04248690975408669912,-3.8378477967705659779)
   (0.35669570505194569954,-6.5245418805106547566)    (0.72058333708918176352,-1.4138828159932070871)   (-0.23748152031324040734,-2.3827292991199864325)
     (1.9237048962985292544,1.0675588263764295149)     (0.40138415650893433106,3.2681051444827269314)     (-0.92420255567219677939,3.712009259513282533)
    (3.2352880514246789012,-5.0685014838052948605)     (4.2799847655959535331,-1.2940361943725169347)     (-5.0466239715587244419,2.1727366426528833543)
   (-1.3287590020010429104,-6.0923584421220100538)   (-0.88124849188973286562,-1.1981117657896152018)    (-3.1285147142775846518,-1.3818163485281200753)
  (-2.9542390599272430052,-0.24846363349046640678)     (0.62074806158931450373,1.6929513383486012312)       (1.9163492674833315643,5.617256643970953256)
  (-0.91421442457581525431,0.10301094310562862455)   (-0.60265566794215397195,0.49013120867208559428)      (-2.911515283686694211,0.4898698929715217254)
    (-3.0330434830066894669,2.4861137357528577674)     (0.78961249908075215043,2.9535429083385200677)     (1.3440007243536880033,0.98355203999180063068)
  (-4.7551846274624285371,0.098898738015916629052)      (1.0988742993706335227,1.4072070567639292094)     (1.0237878328469378619,0.96548912085040161646)
   (-1.2253750261242835062,0.31394205925909446364)   (-2.3770281436611040426,-0.10190450424927467721)     (-2.0115221196790322722,1.8121052934990802274)
    (-6.0697175750796512617,2.7891185479607618625)     (2.4779769722937481369,0.54880192292187612857)     (0.28031741613579425065,2.3000500481685821619)
     (-0.65618204326934403969,4.28634147472216398)     (2.3991608534223161087,-3.5695935526462196918)     (-2.6078461372512462546,2.3386431465969974575)
  (-0.25486368638519985019,-4.4296984480704164611)     (1.5838945066727831978,-2.1880802103754257715)     (0.83893813181384369049,0.1586080652998872742)
     (7.9220122090649320867,0.2455254209885141814)      (2.970048573118317492,-3.9099759883507219094)    (0.0045392306546450846699,3.739666281317224783)
   (-4.6514327124883392273,0.14840160273946084724)      (8.0632949137945963969,1.4367013352562654216)      (1.7001275281105949766,2.8489346492516673948)
    (1.2829927521612551899,-4.1933929966441185755)     (8.2573495104071650275,-6.0361057563846109986)       (-1.913617660055245695,2.482908343806449647)
      (-2.59644630683681088,-0.414359795490180427)    (0.18002407256157798576,-2.9550764599312744352)    (-2.9413743362288031769,-0.1471004703047537332)
   (0.79873463535523858692,-1.1090896319259455627)     (-4.9270815815922919256,2.0385324874403814022)   (-1.6657780187359543245,-0.25778702997008423603)
      (3.014723091936872823,4.7383027523962830685)   (-0.57805057251754321523,0.29296891523318047135)    (-0.63754439180584676627,1.9157135485027192434)
    (-1.3122972682902598329,0.2200450632620173097)      (1.4213066254238817532,0.7429028378682589473)     (-2.2908598164267481856,2.7880846635460505567)
  (-2.1883062760156635207,-0.11711461740172154911)  (-0.83334295474197617182,-0.24557315310708732747)      (0.14402127024341712658,1.352411611630228272)
    (5.5875203473269126064,-2.9475551098603909317)     (-0.32786300647817201437,2.888567686784491606)    (0.96964052438654235733,-2.3064987818610434012)
    (-2.2681786316480883059,3.1854420963063305727)   (-0.71528123964484624508,-3.5523654519550844633)      (2.3417609138246415768,4.0960773113846595805)
     (2.6362067479823574345,1.6491502464888494472)    (-2.6325774789261693343,0.95676527784921261421)     (1.232006853674269875,-0.96305001916915311533)
  (-2.2669366675581219539,-0.51895463146884024397)     (4.1999268783553622697,-6.2942983547026738478)     (2.2265517413880551167,-4.6286654175310797399)
   (-8.6561078922637673116,0.39783809266163078222)    (-1.4372182470706376112,-2.5332672948972838611)      (1.2796018487503155736,2.3847746826425524347)
   (-5.1384196925564582514,-5.9829525126861069495)    (-4.0308308708035180956,-2.7857786962854169666)      (6.2171355655410716068,3.2128263421427205593)
      (12.50535612037684885,2.9817557114362167603)    (0.53285644640221907498,0.24643576053257038039)   (-7.2572468522507289634,-0.62039057734310509851)
    (3.5951296766336495736,-4.2955153709510280891)     (7.6068050459344274117,-14.758275706619119916)     (1.2513202276323858175,-4.4209265759380667049)
     (2.3607682392301310159,1.7772396525736757766)    (-3.4693518845373327864,-5.3606639706905339082)     (7.3449070613237825711,-5.5781871561225129241)
     (5.0746587449856894736,2.1443690424271735218)    (-0.72447242955118607011,9.8061144877437200762)     (9.2972689621806061666,-4.5396221430335934599)
   (0.57311297160258833916,-2.0557963310744868934)     (0.1627675071627130432,-0.8201589728436055049)     (2.3512140044322142884,-2.1321797039216323633)
  (-0.87465677589105039758,-2.5813798411386299492)     (1.0944071835170408047,-3.6197048650908487666)    (-3.0864476302520986728,0.59476624947660816645)
   (-0.59115201399054140285,2.3366083570044429152)    (2.5648304320486725594,-0.66680928930376670571)     (3.1434293889430171554,-1.0044215263276008443)
  (0.19841958027280265364,-0.22648026015205732775)     (0.94823959088021436692,1.3522597746801421348)     (-3.2941640898083197619,4.2600961182826422302)
     (4.5145670650393645573,1.6827846704234104003)   (1.6614740520364499332,0.0078793493471026269243)   (-2.1469588805512382912,-0.96176688898212403522)
     (4.6360953679302374653,1.7261589096055427461)      (0.0266968312468236664,3.8153722193710324362)    (2.2646949304607488784,0.070315581227226961469)
   (-2.6801726580321707516,0.91325346089385461834)    (-5.3748676845498062349,-9.4207629204733187578)    (-8.3577884376618758466,-8.3793450452493747349)
    (-8.6144935648588791821,5.9977113038603526718)      (7.385725631527878754,-8.2506188650633660586)      (8.8879504996218816615,-11.11690308612439182)
   (-6.3832282030031723963,-3.8330041549726665551)    (-3.9802952098533355141,-2.5576325077937469565)       (9.125373438354715816,5.7305798072527585063)
     (-14.58673386014393536,3.5419036333596469746)     (2.2691990367710599408,-10.175300308695359064)   (-0.30753195657360721249,-0.3155978071699589993)
  (-0.90876806550964051024,-2.2172810455219251757)    (1.2645744575563999668,-0.50321623763125500339)      (1.1987411612430343144,5.0584833421090937833)
     (1.2228004249270749693,6.7887815870283070296)    (-0.74902505445666234252,2.1966189795704140764)        (6.677703001754673906,4.849481410844490803)
     (2.3754370458855249559,5.4295288992222223712)    (-4.0644113309708638226,-2.5032486712649832938)     (-8.8717369023212953039,3.7167509079468885602)
   (-4.8011134899539804621,-2.1637836188119292657)      (1.2155743569736530141,6.7103165472617867238)  (-4.3418495359690405522,0.0088489717025543920131)
  (-0.11139132448226828076,-1.1291217562699735755)    (-2.8319907129174848315,-3.6534574857439658935)     (8.4300000960004268791,0.24116531494765786059)
  (-0.55809862556689371349,-1.2964511802585052536)    (1.2140510998902900308,-0.47575687915164260877)         (2.3168719077329194,2.8773943262430434764)
   (-1.9443746858997037474,-3.5591638103726292996)   (-0.52790994396807677802,-0.1992828263157566393)    (-2.5196310259346077487,-3.9686182248140591255)
   (-1.6179348395090351609,-6.4953246513671878404)     (-1.8780733019928541605,4.7471621348315862221)      (5.651138371885854994,-1.0983879431203034116)
    (-3.9890177684218013354,10.823336936175417478)    (0.72695517958711108886,-3.2079522628148389174)    (-7.1428961615841810584,-1.3399725343905928288)
   (-8.6474267247413312276,-1.1171547323798163287)      (9.4416081166985303952,5.4110679432944772671)    (-9.8576155375280265503,-6.3682989826008711276)
     (2.1242506128493561235,6.3710922344915177362)     (16.298970274242876144,-5.6064075440498957192)     (-1.4321407509526877799,3.8109108871032622012)
     (10.139401423768433119,11.245340837715279037)    (-17.898591323690258292,-5.9889138570269171424)    (-0.85028548614630483637,18.989808731110809248)
     (24.634241208339282991,18.904559617583704068)     (-14.321445977651944048,9.3492067496008672833)   (0.028943220331420358576,-7.9569702586308528325)
    (14.248521761710032152,-1.2513315784050274004)      (5.6717045983056424419,15.071830373675579651)     (20.186063567070782199,-6.2427915403312344012)
    (-5.9334453228253183354,6.2807719050986383635)     (-6.0529710984790208173,9.3672585310100604516)     (-5.6595958424547552212,9.0865696693391200256)
    (-0.8015236899750751709,7.2999017581976630709)      (6.2640091843478815647,2.1810512324078485946)     (-2.9216406039286573204,5.6965629795039030014)
     (1.3110804070205599459,8.7002277814359025854)     (4.2494307843238585676,-3.7421322150462796863)     (-4.828700583978351446,-2.0017730409769636246)
   (-2.2887333125562623337,0.39503399153186574688)   (-4.2769709276464809022,-0.28803157877217849814)      (3.1104315563359516972,1.6994035451809752502)
   (0.12892014259563017164,0.81546856797007549744)     (1.8980153434189228623,0.56076814748796799392)     (2.6088769604689279191,0.54737568359893418179)
  (-5.8831693885500362384,-0.72432524986297630587)   (-1.7196771178776029121,-0.78056166142868477209)     (2.6567327798822719664,-1.0219821281292542636)
    (4.1730145621306364845,-3.3521762230552178963)    (-5.2338762001786802713,0.15779735158920410454)    (-5.3926646237771427295,0.93947933097361624455)
  (0.018553914757774129379,0.71552308970628242246)     (-2.4665114881378973344,2.2567945396367314892)      (3.4815931093272132202,8.9810028727322368525)
 (-0.80095373575342809769,-0.28834453926141906388)   (-9.0012053948870036635,0.053621808008026738968)      (0.57193686519460495976,11.94804153404024305)
    (4.4020216477607663208,-4.3559398281072727599)      (14.50519111581216336,-5.6115842844373506892)    (-2.9207117286105992449,-14.589228326414062309)
    (-40.025815136020234775,14.553726432274041613)      (-13.87114907060591662,6.0480039350260197395)      (-10.279433943266424123,23.55186374543672656)
      (25.68912224093662644,58.702025209489313795)    (-21.734255467039432119,-75.798326651140030208)      (-53.30642668812211582,12.055773682257184376)
    (2.4145159560074915817,-1.3869816207706595623)       (14.923129990895466435,9.489575140874093151)      (50.954118847076337318,5.7905702100319214054)
     (10.956733948877019458,1.7881652037654520715)     (21.852106765133150645,-5.5636649271040177211)    (-16.497898347922554052,-4.7865719080136814867)
   (-2.1641929488379507696,-9.3943162645425228874)     (1.2821295929827640769,0.73810623754882342951)      (1.4059399762230784248,10.386932365438367398)
    (-3.6862211560436390911,3.5130261954607679975)     (1.5441011023932282864,-2.6387910174639692684)     (-1.264853729501652424,-1.7085134290994874462)
   (-2.9887678318531807342,-2.1125380595789460259)   (-0.85187699257482840665,-1.6831114761435139737)       (-1.234252501327139262,3.129960346537085325)
    (-1.2095315085069067162,6.2290245922069562567)    (0.20001576722732899993,0.40399034219955831659)  (-0.065462541122417353123,-6.4999811766517296974)
    (2.8369719155566177626,-1.1555582214498381077)    (-0.79309984387510668036,1.2274990601607291829)     (-1.9579155745617533579,2.7442583357097127816)
   (-1.8947968692964509696,-1.4566830073955225888)    (1.8655749283826608131,-0.71059675854899007064)      (3.0469072244080468437,-3.987762556336214903)
  (-0.81362852618425984819,-1.9351925895072425998)     (-10.465872494724660413,1.3875957595493348951)     (-5.0378497892518536716,2.8482308872992287974)
    (7.0146740270816945184,-5.4444169591963174071)    (-6.1999885801654821549,-5.3264100476003912732)     (-2.8517385776962083099,8.2245263551898553089)
    (-7.0112410160347895527,4.6112096427855702174)   (-0.76137844180727720644,-1.7066470290988988712)      (6.3651408338911936724,4.5538555735320773721)
     (16.255678729394137605,9.4551367512156634376)      (9.2316878305171190533,9.4325280677653982053)     (-3.392727254778916901,-3.4566166315846196255)
     (1.3060361142235534793,2.6569351608688935862)      (-9.8103174872858787126,12.20776873203088897)     (-9.9248678943145716147,20.318628806437718737)
     (5.3232638553068953868,10.675097042780166134)    (-2.2606205985235106048,-21.600085792013253183)    (-0.92889519254990360331,17.129212334888791247)
   (-2.7418676264257726416,0.50105058884388387064)     (6.7312488764462585777,-7.2648392137957946701)    (-3.8028525014900234069,-5.9350317858618257816)
    (8.2163106812891708586,-1.7513865619104627136)      (4.986454930862636914,0.37469431605605535429)     (6.1283577173892291867,-4.7396797382407438448)
    (2.3555259320931352107,-3.1417226214176938726)    (0.26003937408884619797,-3.5492156707307453978)     (1.2156180304018247007,-3.0084005458502405261)
 (-0.076178718581673035559,-4.3433035837036131355)     (-3.738426074661737708,0.57471114479950879961)    (-1.2281715851428771646,-0.4383472251764108929)
    (-3.6609111965174419012,1.6120130082983803455)    (-0.65063216107037535885,-1.057939097739944323)    (-1.1321649371812372298,-2.5428275760976792874)
   (0.15506746861632073053,-3.3719532850129274593)    (0.88142720606523017324,-1.2243922201931523031)     (0.73921243988526463831,2.1435351817481635983)
    (5.1019572222796076844,-1.2286502620879324876)    (0.97921529479671742813,-1.1028703607783845175)   (1.8608978879002118223,-0.085312332611973656915)
    (-3.1024461144002071222,1.5515902176785452138)     (2.3763859196358394499,-3.9377514447024113409)   (1.9145718089150216557,0.0033842473068501897383)
   (-3.9337846679542294304,-3.3798752494976271876)      (-0.2494619468334754453,8.824281493990596914)    (-6.8646226511404382364,-1.0524996217654141173)
   (-6.1873624042533412748,-2.8068497623921566664)      (7.3995960078386087133,7.5492020057897821772)     (6.3804224049757705117,0.15612304550124855851)
     (2.5516455855487349957,1.2110806082747129775)    (8.3671975167876500024,-0.83613032481003990437)     (-6.0015814961991038601,4.3596359547586907013)
   (8.4199135063123442535,-0.31782707058010178924)     (0.9982060689959207922,-8.5022240671411388746)     (10.900669254905572814,-5.2611069391423033181)
    (-3.3379749187123817222,7.7511073387379001431)    (-2.5864707635575112654,-4.9218249332684438357)       (10.971021258376001839,6.397646675324515364)
     (2.4014628733201162092,4.1939423979116332575)      (2.6760238390409640807,3.6401799524665410246)     (-6.5273690531645014445,1.1511165468782613708)
   (-2.3405827178450895332,-1.7425627774522647329)    (-3.2935897131013551764,-8.5403266120567788988)     (0.23058500316286639764,8.4658190981410736953)
    (-1.6339781043582477515,3.7478601948300158675)   (-0.59503291847128858549,0.38629574530361748819)    (-3.9412497533067951672,-1.7379258382384006332)
    (-2.1711179662100907883,2.0230658902966807133)    (-0.44240062714060424121,2.1783365817525539576)   (-0.2004363415327682918,-0.61607588548085767677)
   (-1.8456787514989305699,-1.1174871934550660857)     (0.54244420083542499444,1.5378728644313321983)   (-1.7823410045190664075,-0.19375544628962529381)
 (-0.20635257136262633026,-0.43455560347633986895)  (-0.24110194526026718087,-0.19677619577116281513)       (5.308193660619964227,3.7170645773150741142)
   (-1.6391874580403920092,0.42218313676572272186)    (-3.1394725070478290974,-5.9511292433690998749)     (-1.1283375973123728198,5.2545201474150911025)
     (2.2677130289707529975,4.9735779288436932077)    (-4.7808951208137466793,0.89898827970121353292)     (-1.5231856311486042799,5.2610889448693907156)
    (-1.7423595828971503163,-3.593399744914288263)    (-5.4026317088345994222,-3.3919066823209984562)   (0.56393167135611754759,-0.77943224519542275708)
     (3.9077013800014297473,-3.286094481254991706)     (3.3460584568556437368,0.21878229661344936186)    (-3.2286304703887247491,-10.215648105497853848)
    (5.3532978236623458557,0.76870710788775742373)     (7.0554863713753874777,-10.141904599266901243)      (4.2403758184733870706,3.0318126525781257108)
  (-0.32284171103190389962,0.15190451303219817958)        (3.120211156240604744,9.755245502083429443)    (-8.4967990235184789327,0.98701684211408091674)
    (-6.845737653346776419,-4.3338171459379273287)     (-2.6692643923497136882,10.269291552712118687)    (-12.625051832391523732,-1.2967215368991105162)
   (-3.0856092925124460891,-2.3582366553906592976)    (-0.96954166181525558432,8.3747358591467602196)    (-9.3765254591836981746,-1.3253910493869753839)
   (1.490010696270569035,-0.092656951938361653553)      (1.1543672483015876562,2.4481027517006923588)    (-10.422453877354710627,-6.2864306783472505558)
    (-1.5758249164472630799,4.5611125634401874507)      (2.2996477785666633586,2.2286887378464856901)     (-1.485687888174203497,-3.8381570248957461722)
     (6.786457133631762062,-2.0288074350240958843)     (2.7531155609727120392,-1.6673775355806736975)      (1.8848166534347241541,2.1359980813921626286)
    (1.6574614452565010758,-0.5503224183589642271)    (-2.8663128036613860772,-0.8065507184942489749)     (-1.5761002178484797565,3.4301868815866551898)
   (-2.4806753288532616963,-2.0967343789800585441)    (0.81782421017470185998,-3.7529528111068324314)      (1.6023953191549848984,1.6670069795837696436)
    (0.32740133524733289194,1.0629432414226049897)     (0.53323880990066752084,1.9016678697600188919)    (1.8639266998278885001,-0.79814469407488231045)
   (-3.949448271391527765,-0.65619928508178371196)       (4.640017040538110038,2.4222016895721698582)    (0.26888094908616272383,-1.4304266424427258819)
   (0.71396818480715107391,-5.2873285055229661822)     (1.6158417463574361594,-4.7089490650085581436)     (4.7450633527484944452,-2.8470353924817928259)
   (0.79321978100973455916,0.20854543261416194633)      (-3.6672767682983331561,3.281007890133147864)    (2.9666834993057480396,-0.10545690820160805168)
    (-2.3392876866959952942,2.8175504483769500119)     (7.0284849213820157487,-3.6655610068861630424)     (2.6893582989499109637,-2.3793832700747858944)
     (5.3062839687164586877,1.1704272657597596385)     (3.2250969330796612766,-3.4841227998002248789)      (3.6881074527369812621,1.3387884216811063443)
  (-1.9677138082030203314,-0.73072705930131121033)     (1.7949270676145596681,-4.3515889132463634326)      (1.7347963519584272962,4.8536650635385605312)
   (6.7292623261260153811,-0.97440082228394064856)     (-4.0077756125602395088,5.0421867088366729703)     (-6.0806167757822793263,8.5817568064163509689)
  (-0.69117074172900805351,-3.3253848545637341161)   (-0.21648434469087143861,-2.4076201699598449579)     (0.46791309542973086311,3.0442471487251347995)
     (4.4667717098116401786,1.5655336491640419183)    (-1.0205655271975324627,0.38697858340882235195)     (0.21695595254747451763,4.0087169521605421352)
      (3.630218367029935056,2.0730840222076105661)     (1.6707298326023740653,-1.4467493545583094416)   (-0.52668652421782746753,-1.7904098204708887021)
(-0.84504205775698315595,-0.097857593393894784506)    (-3.5147765122078369338,-2.2889879430620614364)      (1.8581676699840279365,1.3376000370801035544)
     (1.2401042106851343227,1.6522253077145139244)   (1.5532009349054523017,-0.064189434990117602564)    (0.94489637636231982309,-1.0459849371318108435)
   (-0.91806092955152929225,2.9256271055689930805)    (0.84114974700692979326,0.79629404794943159374)    (0.98358902416884042008,0.85286818388661578272)
   (-0.50444324986567756763,2.6660537692442813906)     (-1.0407707443632256972,5.1940496447196897734)    (-1.4456205475797692106,-4.3919652518382390483)
    (4.6357215397162434556,0.84414398000729407023)   (-1.3071670031770079579,-0.34274820424064000868)    (-1.6361992213221330239,0.47108190271171018759)
     (2.7550353574300747717,3.2897467395334305529)    (-1.1288244143038947964,-5.2239219248604795709)       (1.204167267640619432,1.8605107647308343211)
  (0.60545524425917118805,-0.17369339955341941972)     (-1.1119210012163012191,2.6514344343387410419)      (5.3436767888271718974,3.9631439648490243144)
    (0.93628965453609747094,4.5477094528898369674)      (2.613491916151185368,-3.2439200576456865832)      (2.9638322176326892254,1.7995223812299296906)
 (-0.069320436217447253813,-4.4088027779289413743)     (-1.1783887251392783924,1.3407585874086820343)     (-0.393002452031191718,-2.3403708359350501311)
   (-0.16359499511759384438,4.9541488884955464655)   (-0.84880288202724274438,0.12340347378011018442)     (2.4913599160526631593,0.56688031552352513565)
     (3.4601022621490051812,3.1764453196763935416)     (1.3613903412765024914,-2.1488454923721307388)   (-0.069619081584818512387,1.4399778328683430217)
   (-6.7421616108939543821,0.68761270693722698066)     (1.4325965941616183308,-1.4929496252376452947)   (0.65695539531727698002,-0.60415690054823023569)
   (0.76770941407094306363,0.18225811371890823787)    (-2.1103252859772747563,0.57291406089922169986)      (0.49940816418063527227,1.110145426524546064)
  (-0.31983072730535044847,-1.7707791361826366039)    (0.78665327277094476699,-3.0756483194907779932)      (-0.56479010288653774818,1.29507653163689751)
    (2.6962512071837978489,-2.3525971597615487063)    (-0.45621841569798843308,1.8298430389042048549)   (-0.85464829227410055168,0.41962340874663894841)
  (-0.57245263365597776062,0.19403736609071081665)      (2.5360460733371139597,2.2371386185030655014)      (2.987122827518260415,-2.4987462392889150387)
   (-1.0169597658884872438,-3.0555640862829620552)    (-2.3546024579184638981,-1.5259041316792589793)     (0.09422162587528927491,4.8420333650293185812)
    (-1.4357421463027497666,1.6842868144573084344)     (0.90228952173105292367,3.0205697732989604809)    (-1.4688539926233823429,-1.0411582619468875421)
   (-0.76152877787227069017,-1.328457360360859818)    (0.64310286258866844467,-5.3614105233893871727)    (2.0819038127203302047,-0.10398067927854964809)
  (0.33168829762097279401,-0.62654527602349530113)    (-1.1300660048284685288,-0.9251349669070121351)   (-2.9635327404351481384,-0.67392427091865558797)
   (-1.8098803913516534614,-2.0914664712507340383)     (1.4286786778394167108,0.83367730667691697377)      (1.5596756743500510556,1.0786421211270864617)
 (-0.46110801046643390411,-0.76517554335000270704)    (1.0636034628716228845,-0.82486705396750625852)     (2.3771443501516240637,-1.4505752708517754002)
    (0.73507408641644278458,2.3434001046841226312)     (-2.9660026375194541437,1.3093713127172610378)     (-3.4868477906850188219,1.8681277925618977598)
  (0.069857285900274193602,-2.9733472737852841838)    (-1.5700790621911691058,-1.6928044576323502124)    (-0.12810412659715730843,1.4193216986305141614)
   (0.68261986387683060151,-1.2363888904318096618)     (3.2755107202441653413,-1.6639190984986624855)   (-0.50962800975197453113,-3.1157175789649733666)
   (0.89371941544528221701,-1.6458375775868949731)      (2.5886910027557692437,1.0769081817483934227)   (0.93970330258003942348,-0.36164810039868394709)
   (2.2752582269115926294,-0.70785883613145272886)   (0.56722264849280756849,-0.18360224742679018273)   (-3.3796350651382467412,-0.35651552694523247489)