# Superpotential Type
Custom
# Physical Box Size, Power, Coupling
6, 3, 0.3 0.3 0.3   3
# Nicolai Configuration Number
0
# Solution Configuration Number
2 / 8
# Sign of Determinant
1
# Norm of residue
8.37138e-16
# Configuration of a scalar field solution
      (-1.3138924021808966458,1.3741712108826635852)       (-0.9355795795279790994,2.5065022348732828306)      (0.59163549838424456251,0.25982676131096527072)
    (0.058366287581804607298,-1.1692967460563519211)      (1.5833565120845900509,-0.16991698397566698531)      (-0.8496909529176197573,0.72194732680637796474)
     (-0.78403411807848233384,1.3815470478919185116)   (-0.91095491570839381978,-0.044174003806323074162)     (0.2416747555177236606,-0.046508227360224613234)
     (-0.17134127978691601757,1.0628107668950375064)      (0.43637237011927476615,-1.9826345903163280493)     (-0.26373858219517148926,-1.6764412835088120524)
    (-0.42414421855993811317,0.33057167028461864611)    (-0.11061753519009769053,-0.67052962175824903923)     (0.66804713695469586376,-0.34754886043790084171)
   (-0.25235817605395605145,-0.50186095638752592496)        (1.4080207640983637418,2.6231112607484727839)       (0.26420257511662775807,1.5959654498235589237)
      (1.6280648598375260239,0.01882263411812980583)      (0.61263300192779979181,-1.4262334443020046049)     (-0.28664683108720218074,0.07838581010990032516)
 (-0.0028362939309527260799,0.061959392116854639099)     (-0.062825962550427105757,2.2690369273475923251)      (-0.51408433375728146419,-1.217841230095390026)
   (-0.042234925768995297546,0.55234902218827952591)       (0.10104103916511517069,1.0812025944959606782)       (1.557314294261765264,-0.68135930372125286247)
      (-1.4895493590067978573,1.2715057213957394744)     (-0.82048980772800494954,-2.4339714127533200738)     (-0.31358228783172897858,0.91432062332497310297)
      (0.54262131005525049421,1.0762906648356078687)     (-0.97214117909510189275,-1.1526147096702119565)     (-0.89447709424692734004,-1.5577034400074218912)
     (-2.3968245170355517715,-0.9771610987133488857)      (0.075980667177537750123,0.1198721859905963194)      (-1.1315612731242945532,-2.2913156743222002909)
    (-0.68001111907038613857,-1.7650798865677430616)      (0.41943248696022156219,0.30027283609352234395)     (-0.074815821831897694194,-1.440575406253850721)
     (-0.47314363616216537078,1.0123714299424697582)    (-0.065596562142478734292,0.16942078330672474817)       (1.4265326638046642582,0.89839142888222733863)
    (0.53450479379469861829,-0.97306505216681582482)      (0.62434044806049304732,-2.6982208196199772843)      (-1.1637247705628004368,0.49607658921198949376)
     (-1.2223613869711567048,0.60257052761786522588)     (-0.71599674300038129715,-1.3410274264657064958)    (-1.1433837679446552382,-0.038588596666614474739)
        (1.763738710381213437,1.2384668292970768544)       (1.1074139404614509186,-7.1069797421127018922)       (-2.4702482727639831772,1.2399185987613712268)
      (-0.27929805065389995411,1.585847387460479041)     (-0.40202550072534154468,-3.7263365709499289835)      (0.075051461208611738862,1.3130319074648564293)
    (0.55139125210485895323,-0.55288576377730236366)       (3.0944208467001979024,-3.9847625188003359398)      (-1.7259628219790656978,-1.1591903633582048005)
        (-1.8866455478442847316,2.34677127698408583)      (0.25316964781466572143,-1.5960536951218216029)       (-1.2241624348270454536,1.7305680278877089151)
    (-0.59542890392593927906,-1.2782571278687555605)       (-2.1167993865336947046,1.8514833600782660827)     (-1.0622079285253136494,-0.55449124917455516748)
      (0.94530920335223822537,-1.043154910691780346)       (0.60609611426749643304,0.9029403118527370431)     (0.53459369787279098496,-0.42087267350095786123)
       (1.9190988484690714166,1.2141003457501575724)     (-1.7769123476688142294,-0.42840010062466782337)       (1.1485408482792744955,-1.0946670956283168774)
     (0.71608964024374555102,0.13708005293765951338)        (3.2524401749866411748,2.4349413459096993506)       (0.42677743989382027623,1.1520005375009525483)
     (-0.24886065767533468995,1.3610819223683565671)         (14.044991231352222272,22.69370363563805526)        (-1.3912242974629986936,0.457118797101857266)
       (-2.2669485606247055109,1.412489882384747153)      (-3.3931490108343380641,-3.5524773380586451843)        (1.309022091239887331,-1.5582589162689806095)
      (2.5597230709878955324,0.95867816171600228614)       (0.21130940955250360203,3.1043202974150210238)        (-1.1508547176434904546,3.604825173261698712)
      (0.69703846724940177193,2.4890336059520659084)      (-1.7919836620191127441,0.82214269885224877665)    (-0.90055498182477178304,-0.35977524655625137129)
    (-0.092574452339218793462,1.6144725506779407098)      (-0.58101483029699430016,1.5771769263656965077)     (-0.10503734977432552244,-1.7984712481341043055)
        (3.491957747175324922,1.7081479891890800626)    (-0.093589965571484912132,-3.0317416834357926447)    (-0.54753064529437878161,-0.46527635043234366607)
    (0.82570636321565360483,-0.58414682710175347413)       (3.4503931534098115641,0.21282410954224378896)    (-0.095239501674042992274,-4.3752856237865733746)
       (2.1539771200938808704,1.4498284048686773673)       (-8.0200013217787180508,5.7771470640152235987)    (0.019168709188248603259,-0.18523434625445192592)
      (0.72379593710434497744,1.4477458159333935761)       (-0.25650157672042500634,-1.47799960656050966)      (-1.5153623691925266481,0.36430794311022018928)
      (0.36787818768663166358,-1.634833966647627479)       (1.5297303689071766186,-1.1768790496564967007)      (1.1262117155166131433,-0.67321347988453816846)
     (-1.1312810577859337968,0.55765372394807954937)      (-2.5065781076556317153,0.44617073164744058822)      (-0.40852501876388419566,1.8756692045325771279)
     (1.5837541910795154276,-0.47373891292751357796)        (-1.7738180623032298033,1.817586067009978601)      (0.35141298987578434287,0.99457029968912158413)
       (2.2059213834613373706,0.4855056901159245375)     (-1.6552136757494224639,-0.85627737809422688198)      (0.81694370649426972797,0.73660638177675530347)
  (-0.0083683273449862340815,-1.2075953167150490497)      (-2.1726634968135440928,-2.0956113748652542839)   (-0.086462334436540916327,0.077687643700271896696)
(-0.00094404741531459515635,-0.89175459585000405038)       (1.0128395392022235821,0.80099913646060338923)      (-1.7419696392264740759,-2.4933121341269388616)
       (1.6730004103658420167,1.9422383145011301586)       (2.0973729523803985586,-2.3548275132410854127)      (0.73733910449604178616,0.71534505168710560419)
   (-0.43021197661872856433,-0.89497316820387395886)      (1.4371697049999192508,-0.86879010754688767992)      (-1.2280192725875329618,-1.6914169069953584046)
    (-0.40739696555594001603,0.75667331045194485828)    (-0.76386716072567972802,-0.51121559615233402862)     (0.73103411943132290407,-0.24603634190879575261)
     (1.4347268093093263897,-0.33697571118734026552)   (-0.66450312554959500844,-0.022098824261945548136)      (-0.10345660825132650673,1.2331984920537513162)
    (-0.29098953119565373893,0.02611261511609224914)       (0.35013765240188449157,2.0975340142953111666)       (0.54027988997908737989,0.9563662057137888306)
       (1.4402380151658120688,1.3911627968453528226)       (-1.6822503774233306117,1.0541693696456930773)       (0.40307980941813020825,1.8479063879398851533)
     (-1.6373321619630905044,-1.7485361644456811625)        (2.204072872211764178,0.72247709433887408181)      (0.23895544487926323463,0.49427096196682029916)
      (0.82442815954563319902,1.7955942120432950571)        (1.1670856223666710161,1.4751093354246040956)     (-0.26430398780638858502,-0.4459148332511876367)
      (0.4048762071360068604,0.72041420897714136817)         (1.9056771390867488503,1.563746255906728555)    (-0.83160298305764679405,-0.39142800195296312271)
    (-0.66498381110311766129,0.35285509360749733876)        (-1.5547429831922634502,1.391404157851741763)     (-0.99266065297516525856,0.22817583899250259982)