# Superpotential Type
Custom
# Physical Box Size, Power, Coupling
6, 3, 0.3 0.3 0.3   3
# Nicolai Configuration Number
0
# Solution Configuration Number
4 / 8
# Sign of Determinant
1
# Norm of residue
1.2162e-15
# Configuration of a scalar field solution
    (-1.6000996129830420411,1.5213729613207509495)    (-0.84114920512611668357,2.2048449632803870379)   (0.18092685860179408275,-0.17281558954300202391)
 (0.095091682139384084427,-0.72671645303779441871)  (0.078609140195912030613,-0.49570147352190524481)  (0.25091962614058427317,-0.058434360070396124121)
    (0.17368639292379597916,1.6257621930038019809)     (-0.67938463254661229929,1.042625191470631707)   (-0.42962121795727892248,0.60461303653616271792)
  (-0.80067352552694470713,0.83596476815185960518)      (0.439052614859841428,-1.9327720685935820821)     (1.8849328214100520285,-2.6490252411113388575)
   (-1.1748568934514698192,0.61638224327654878021)   (0.24227905306625810433,-0.48562509930290898019)  (-0.98517458081998610098,-0.25328751687518080704)
  (-0.02646186879360468841,0.58874175777004222887)     (0.98750867634608208157,1.8667120321858781118)    (0.27473343722013771062,0.57324752505147258397)
    (1.9623157833119513338,0.42518823481942030762)     (0.5733299007071702702,-1.6835428110780639166)     (-0.6124488378565948743,0.6188116751810903704)
 (-0.24758230802513572777,-0.21855986967623539097)    (-0.25205172698923566932,1.8854318585450475787)   (-1.3213289201702627107,-0.73279560455425218901)
    (0.62672018817874053376,1.0827859536180228783)   (-0.96988279314141123688,0.45389847332969868177)     (1.4004171654237089761,0.47844095052693724757)
   (-1.3747241839264017216,0.64117060410893966793)   (-0.68896861333272274575,-1.9135079600833468927)     (-0.86826617260646266061,1.519581222092032835)
   (2.5075178359500114311,0.045383310642738261542) (-0.32744567571674815243,-0.094128211263849848045)   (-1.2855271488211550412,-0.55293291028555890954)
   (-3.4755722025013415788,-1.1573534070529170048)   (-0.84640309054214946105,0.10030916296925575237)    (-1.4546880529789876224,-1.4626304830077558883)
    (-1.3456787703376089649,-1.754691490692919853)    (0.87228947251584809663,-1.0916416161158930542)    (-0.52762213210057617996,0.4119586967012111578)
   (-0.31616595641256717286,1.0412689694341947799)    (0.25879191644498145131,0.25449563720646328768)    (-0.6823601892003847702,0.65902893447569077523)
  (-0.35946440788707950675,-1.2184550650767864699)    (0.39772612252501160501,-1.7280030712830192208)   (-1.4258519083728697918,-0.20647556001496353284)
   (-1.5361020423226459108,0.81837123329473593358)   (-0.40229636829140980048,0.32325420775562102582)   (0.37499331509357153314,0.087357551370170760663)
    (0.85401673153180313047,2.3140406773921915473)     (1.6068516542915478595,-4.8961683989410804685)    (-1.787983482223524323,-0.35096293001085332453)
 (-0.28973899146540355032,-0.51709579773053893081)      (0.6186138388014896794,1.7414191454204877019)    (-4.9430795174335484532,-1.4562511830442355087)
  (-0.24184026328039395781,-5.9461290074812653828)    (2.2888439382736369687,-0.83931299527763392199)     (1.3089595588462936693,-2.2258802316538530697)
    (-1.998670548065081265,0.47926285000710838746)     (-0.32623923429042700484,1.282027818373617789)     (0.10340194662604261511,2.6051196634918993844)
   (-1.5363530994669747365,-1.8847627070032531016)     (-1.747921758703323114,0.98478405111688493978)   (-0.67849688454893930523,0.54042287507127695356)
   (2.1078000686101283634,-0.37153959252626245213)    (0.42423355327827755312,0.14454063187201812712)    (0.32677343755028881445,-1.5916835611455442123)
    (-2.1021061346000320391,1.2321004308073146838)     (1.0650434883968780131,-1.7070779184720457078)     (2.5041743012861750195,-2.5331493955890245218)
    (2.7584418058437742971,-1.0264158259781488436)     (1.7694151952190633192,0.83033231423716769015)    (-2.3414631617011858467,0.18092329879040769391)
    (-1.7758135589518377895,24.187516129609502258)    (-0.37041399527504204059,1.5293672218735090418)      (2.467895225051553787,0.71263632402350052253)
     (1.1831547277913794236,2.5227043088698120066)     (-1.4882861395510973423,1.3094518528063605611)    (-1.8491998909094102821,-1.4255353013016021091)
     (2.1123440301554552434,1.7372397103288446107)    (0.75429197394949532018,0.19496728856980846678)    (0.017212524948090088955,3.0161403824249126693)
    (0.31963740518830913162,2.2804680093912086392)  (-0.0037235226161910820429,1.6994233049144331638)   (-2.5577174644514513169,-0.73276097891030678166)
   (-0.26508080921670978958,1.4357063657182427274)   (-0.42492423143864349599,0.93468015633692391742)     (1.2236792250737149601,-1.0029626017322421649)
     (3.1163123037487481248,1.0755021258677199825)     (2.6061942505419510852,-1.1117705384082599007)      (-2.373331722549410383,-1.179388499717463068)
   (-1.8259592737031171694,0.51368418248520175684)     (1.3642896899244689735,-1.0010443328164184695)  (-0.82218434793722450227,-0.80931445013545111333)
    (2.2231768097146313856,0.49319591013951474823)     (-1.2956952540417845388,2.5892205257641758287)    (0.46440495492898248298,-0.1677165670322972868)
   (2.6097483762109305871,-0.34492053664039301619)     (-1.7062009415844567872,1.0397985626436725415)     (1.9641365924071751969,-2.2771857564264181839)
    (1.0414452932152571396,-3.5021741327011746137)   (0.52558278605315678078,-0.27596115591838626946)      (2.0798176550478175706,-1.232001820164861039)
   (-1.1851786515903173225,0.18657635684825696343)     (-2.4022460087782575577,1.3849952981836348709)   (-0.56019094354462162233,0.48086667930429793927)
    (2.2142748478692668712,-1.5235251319744931298)      (-1.5845106580435532884,2.246114739418294981)   (-0.50437713562065222828,0.15015152482593080441)
    (2.2410897961879285845,0.60896978378105215413)     (-1.146152520703535016,-1.2012558756608546773)       (1.156539549971661085,1.4932272959671875068)
   (0.18664083092924868557,0.36608164456275971155)    (-1.7756931189594755693,-2.1065660851491032624)     (-1.1523476522761040286,1.0345884000882934473)
   (0.15287041253628866344,0.65544213980839238776)    (0.4895031406779196681,-0.53408671090076287324)   (-0.3335673912887372472,-0.94623959868331464218)
     (1.7820701025240099913,2.2552644738889440212)    (1.1380956066758871614,-0.74552897107556703737)    (0.92977030382867065228,-1.6356086379841729972)
  (-0.72116352696783525555,0.95935730269016239458)     (1.2911970863902304529,-1.9457626132735570401)    (-1.0271922136921807223,-0.8666096028664523887)
   (-1.1058982185260493036,0.39937391168837294009)    (0.2384913056806340359,-0.36920284128387442779)  (-0.48562261594571648482,-0.20270668015149015395)
   (1.4290980718343040401,-0.13798577003080431114) (-0.30649820734570798475,-0.017942999484469829979)   (0.026565771507467989682,0.70692935131803735782)
 (-0.63048837149021663695,-0.64014683271794137198)     (0.45574941180455630363,2.6130516212923100561)     (0.67343852122862335463,2.2507965717000075756)
    (2.1748290423646992053,0.99604432019479571814)    (-1.8248764726212223231,0.39010634152805345742)        (0.25339055045511788,1.1025282272579171039)
   (-1.9917521583011086328,-1.3444455411498010822)    (0.97385166341209228325,-0.4128451754224342074)   (0.55281350422771136088,-0.36762327803639632817)
  (-0.025262920316146665611,1.8698837743908856002)      (1.4222590436666235902,1.3839099094731754924)   (0.69498270423573360599,-0.60440456083449667357)
  (0.88138505601963113012,-0.17992148986679842859)      (1.5827279176882049772,1.5303255522709018344)   (-1.7563356990043217376,-0.32759051407331912786)
   (-0.17323296298328627607,0.4845815170933960303)     (-1.5532830646469204527,1.1433884641023730477)   (-0.58870976842379751925,0.49950222274925970556)